2.849
937.422
1,75
1,42%
6,94%
36,30%
30,761198681

3.063
937.523
1,75
1,42%
6,91%
37,64%
30,951208145

2.950
937.489
1,75
1,42%
6,90%
36,95%
30,884622648

2.835
937.520
1,75
1,42%
6,88%
38,93%
30,711354879

2.873
937.468
1,75
1,42%
6,89%
38,61%
30,873585625

3.003
937.549
1,75
1,42%
6,87%
34,62%
30,786458568

2.898
937.453
1,75
1,42%
6,92%
36,95%
30,768219859

2.867
937.539
1,75
1,42%
6,88%
36,90%
30,808124409

2.986
937.457
1,75
1,42%
6,95%
36,99%
30,738573385

2.689
937.438
1,73
1,42%
6,88%
36,27%
31,140265899

2.849
937.422
1,75
1,42%
6,94%
36,30%
30,761198681

3.063
937.523
1,75
1,42%
6,91%
37,64%
30,951208145

2.950
937.489
1,75
1,42%
6,90%
36,95%
30,884622648

2.835
937.520
1,75
1,42%
6,88%
38,93%
30,711354879

2.873
937.468
1,75
1,42%
6,89%
38,61%
30,873585625

3.003
937.549
1,75
1,42%
6,87%
34,62%
30,786458568

2.898
937.453
1,75
1,42%
6,92%
36,95%
30,768219859

2.867
937.539
1,75
1,42%
6,88%
36,90%
30,808124409

2.986
937.457
1,75
1,42%
6,95%
36,99%
30,738573385

2.689
937.438
1,73
1,42%
6,88%
36,27%
31,140265899

2.849
937.422
1,75
1,42%
6,94%
36,30%
30,761198681

3.063
937.523
1,75
1,42%
6,91%
37,64%
30,951208145

2.950
937.489
1,75
1,42%
6,90%
36,95%
30,884622648

2.835
937.520
1,75
1,42%
6,88%
38,93%
30,711354879

2.873
937.468
1,75
1,42%
6,89%
38,61%
30,873585625

3.003
937.549
1,75
1,42%
6,87%
34,62%
30,786458568

2.898
937.453
1,75
1,42%
6,92%
36,95%
30,768219859

2.867
937.539
1,75
1,42%
6,88%
36,90%
30,808124409

2.986
937.457
1,75
1,42%
6,95%
36,99%
30,738573385

2.689
937.438
1,73
1,42%
6,88%
36,27%
31,140265899

2.849
937.422
1,75
1,42%
6,94%
36,30%
30,761198681

3.063
937.523
1,75
1,42%
6,91%
37,64%
30,951208145

2.950
937.489
1,75
1,42%
6,90%
36,95%
30,884622648

2.835
937.520
1,75
1,42%
6,88%
38,93%
30,711354879

2.873
937.468
1,75
1,42%
6,89%
38,61%
30,873585625

3.003
937.549
1,75
1,42%
6,87%
34,62%
30,786458568

2.898
937.453
1,75
1,42%
6,92%
36,95%
30,768219859

2.867
937.539
1,75
1,42%
6,88%
36,90%
30,808124409

2.986
937.457
1,75
1,42%
6,95%
36,99%
30,738573385

2.689
937.438
1,73
1,42%
6,88%
36,27%
31,140265899

2.849
937.422
1,75
1,42%
6,94%
36,30%
30,761198681

3.063
937.523
1,75
1,42%
6,91%
37,64%
30,951208145

2.950
937.489
1,75
1,42%
6,90%
36,95%
30,884622648

2.835
937.520
1,75
1,42%
6,88%
38,93%
30,711354879

2.873
937.468
1,75
1,42%
6,89%
38,61%
30,873585625

3.003
937.549
1,75
1,42%
6,87%
34,62%
30,786458568

2.898
937.453
1,75
1,42%
6,92%
36,95%
30,768219859

2.867
937.539
1,75
1,42%
6,88%
36,90%
30,808124409

2.986
937.457
1,75
1,42%
6,95%
36,99%
30,738573385

2.689
937.438
1,73
1,42%
6,88%
36,27%
31,140265899

2.849
937.422
1,75
1,42%
6,94%
36,30%
30,761198681

3.063
937.523
1,75
1,42%
6,91%
37,64%
30,951208145

2.950
937.489
1,75
1,42%
6,90%
36,95%
30,884622648

2.835
937.520
1,75
1,42%
6,88%
38,93%
30,711354879

2.873
937.468
1,75
1,42%
6,89%
38,61%
30,873585625

3.003
937.549
1,75
1,42%
6,87%
34,62%
30,786458568

2.898
937.453
1,75
1,42%
6,92%
36,95%
30,768219859

2.867
937.539
1,75
1,42%
6,88%
36,90%
30,808124409

2.986
937.457
1,75
1,42%
6,95%
36,99%
30,738573385

2.689
937.438
1,73
1,42%
6,88%
36,27%
31,140265899

2.849
937.422
1,75
1,42%
6,94%
36,30%
30,761198681

3.063
937.523
1,75
1,42%
6,91%
37,64%
30,951208145

2.950
937.489
1,75
1,42%
6,90%
36,95%
30,884622648

2.835
937.520
1,75
1,42%
6,88%
38,93%
30,711354879

2.873
937.468
1,75
1,42%
6,89%
38,61%
30,873585625

3.003
937.549
1,75
1,42%
6,87%
34,62%
30,786458568

2.898
937.453
1,75
1,42%
6,92%
36,95%
30,768219859

2.867
937.539
1,75
1,42%
6,88%
36,90%
30,808124409

2.986
937.457
1,75
1,42%
6,95%
36,99%
30,738573385

2.689
937.438
1,73
1,42%
6,88%
36,27%
31,140265899

