640
598.477
1,79
1,42%
6,90%
32,18%
54,074593814

556
598.470
1,78
1,42%
6,93%
30,67%
54,356747443

634
598.470
1,79
1,42%
6,92%
31,33%
54,245043579

599
598.469
1,78
1,42%
6,93%
30,06%
54,286428949

582
598.446
1,79
1,42%
6,93%
32,65%
54,258771272

638
598.461
1,75
1,42%
6,93%
32,07%
55,737866900

682
598.454
1,79
1,42%
6,95%
31,59%
54,344449012

547
598.457
1,78
1,42%
6,94%
30,48%
54,565616388

602
598.459
1,79
1,42%
6,95%
30,37%
54,187705831

735
598.475
1,79
1,42%
6,93%
29,12%
54,342982521

640
598.477
1,79
1,42%
6,90%
32,18%
54,074593814

556
598.470
1,78
1,42%
6,93%
30,67%
54,356747443

634
598.470
1,79
1,42%
6,92%
31,33%
54,245043579

599
598.469
1,78
1,42%
6,93%
30,06%
54,286428949

582
598.446
1,79
1,42%
6,93%
32,65%
54,258771272

638
598.461
1,75
1,42%
6,93%
32,07%
55,737866900

682
598.454
1,79
1,42%
6,95%
31,59%
54,344449012

547
598.457
1,78
1,42%
6,94%
30,48%
54,565616388

602
598.459
1,79
1,42%
6,95%
30,37%
54,187705831

735
598.475
1,79
1,42%
6,93%
29,12%
54,342982521

640
598.477
1,79
1,42%
6,90%
32,18%
54,074593814

556
598.470
1,78
1,42%
6,93%
30,67%
54,356747443

634
598.470
1,79
1,42%
6,92%
31,33%
54,245043579

599
598.469
1,78
1,42%
6,93%
30,06%
54,286428949

582
598.446
1,79
1,42%
6,93%
32,65%
54,258771272

638
598.461
1,75
1,42%
6,93%
32,07%
55,737866900

682
598.454
1,79
1,42%
6,95%
31,59%
54,344449012

547
598.457
1,78
1,42%
6,94%
30,48%
54,565616388

602
598.459
1,79
1,42%
6,95%
30,37%
54,187705831

735
598.475
1,79
1,42%
6,93%
29,12%
54,342982521

640
598.477
1,79
1,42%
6,90%
32,18%
54,074593814

556
598.470
1,78
1,42%
6,93%
30,67%
54,356747443

634
598.470
1,79
1,42%
6,92%
31,33%
54,245043579

599
598.469
1,78
1,42%
6,93%
30,06%
54,286428949

582
598.446
1,79
1,42%
6,93%
32,65%
54,258771272

638
598.461
1,75
1,42%
6,93%
32,07%
55,737866900

682
598.454
1,79
1,42%
6,95%
31,59%
54,344449012

547
598.457
1,78
1,42%
6,94%
30,48%
54,565616388

602
598.459
1,79
1,42%
6,95%
30,37%
54,187705831

735
598.475
1,79
1,42%
6,93%
29,12%
54,342982521

640
598.477
1,79
1,42%
6,90%
32,18%
54,074593814

556
598.470
1,78
1,42%
6,93%
30,67%
54,356747443

634
598.470
1,79
1,42%
6,92%
31,33%
54,245043579

599
598.469
1,78
1,42%
6,93%
30,06%
54,286428949

582
598.446
1,79
1,42%
6,93%
32,65%
54,258771272

638
598.461
1,75
1,42%
6,93%
32,07%
55,737866900

682
598.454
1,79
1,42%
6,95%
31,59%
54,344449012

547
598.457
1,78
1,42%
6,94%
30,48%
54,565616388

602
598.459
1,79
1,42%
6,95%
30,37%
54,187705831

735
598.475
1,79
1,42%
6,93%
29,12%
54,342982521

640
598.477
1,79
1,42%
6,90%
32,18%
54,074593814

556
598.470
1,78
1,42%
6,93%
30,67%
54,356747443

634
598.470
1,79
1,42%
6,92%
31,33%
54,245043579

599
598.469
1,78
1,42%
6,93%
30,06%
54,286428949

582
598.446
1,79
1,42%
6,93%
32,65%
54,258771272

638
598.461
1,75
1,42%
6,93%
32,07%
55,737866900

682
598.454
1,79
1,42%
6,95%
31,59%
54,344449012

547
598.457
1,78
1,42%
6,94%
30,48%
54,565616388

602
598.459
1,79
1,42%
6,95%
30,37%
54,187705831

735
598.475
1,79
1,42%
6,93%
29,12%
54,342982521

640
598.477
1,79
1,42%
6,90%
32,18%
54,074593814

556
598.470
1,78
1,42%
6,93%
30,67%
54,356747443

634
598.470
1,79
1,42%
6,92%
31,33%
54,245043579

599
598.469
1,78
1,42%
6,93%
30,06%
54,286428949

582
598.446
1,79
1,42%
6,93%
32,65%
54,258771272

638
598.461
1,75
1,42%
6,93%
32,07%
55,737866900

682
598.454
1,79
1,42%
6,95%
31,59%
54,344449012

547
598.457
1,78
1,42%
6,94%
30,48%
54,565616388

602
598.459
1,79
1,42%
6,95%
30,37%
54,187705831

735
598.475
1,79
1,42%
6,93%
29,12%
54,342982521

