134
373.843
2,13
1,57%
2,20%
29,51%
284,702535090

93
373.843
2,08
1,56%
2,20%
27,61%
291,602416643

130
373.842
2,13
1,56%
2,21%
27,63%
284,707779032

133
373.845
2,12
1,59%
2,21%
29,79%
286,746699509

130
373.843
2,13
1,57%
2,20%
28,15%
284,876361609

131
373.844
2,13
1,57%
2,20%
27,69%
284,932060027

93
373.845
2,13
1,57%
2,20%
28,44%
284,963431464

138
373.845
2,13
1,57%
2,20%
27,91%
284,955280319

133
373.844
2,13
1,57%
2,20%
29,47%
284,632878283

91
373.843
2,11
1,57%
2,21%
28,99%
287,009522053

134
373.843
2,13
1,57%
2,20%
29,51%
284,702535090

93
373.843
2,08
1,56%
2,20%
27,61%
291,602416643

130
373.842
2,13
1,56%
2,21%
27,63%
284,707779032

133
373.845
2,12
1,59%
2,21%
29,79%
286,746699509

130
373.843
2,13
1,57%
2,20%
28,15%
284,876361609

131
373.844
2,13
1,57%
2,20%
27,69%
284,932060027

93
373.845
2,13
1,57%
2,20%
28,44%
284,963431464

138
373.845
2,13
1,57%
2,20%
27,91%
284,955280319

133
373.844
2,13
1,57%
2,20%
29,47%
284,632878283

91
373.843
2,11
1,57%
2,21%
28,99%
287,009522053

134
373.843
2,13
1,57%
2,20%
29,51%
284,702535090

93
373.843
2,08
1,56%
2,20%
27,61%
291,602416643

130
373.842
2,13
1,56%
2,21%
27,63%
284,707779032

133
373.845
2,12
1,59%
2,21%
29,79%
286,746699509

130
373.843
2,13
1,57%
2,20%
28,15%
284,876361609

131
373.844
2,13
1,57%
2,20%
27,69%
284,932060027

93
373.845
2,13
1,57%
2,20%
28,44%
284,963431464

138
373.845
2,13
1,57%
2,20%
27,91%
284,955280319

133
373.844
2,13
1,57%
2,20%
29,47%
284,632878283

91
373.843
2,11
1,57%
2,21%
28,99%
287,009522053

134
373.843
2,13
1,57%
2,20%
29,51%
284,702535090

93
373.843
2,08
1,56%
2,20%
27,61%
291,602416643

130
373.842
2,13
1,56%
2,21%
27,63%
284,707779032

133
373.845
2,12
1,59%
2,21%
29,79%
286,746699509

130
373.843
2,13
1,57%
2,20%
28,15%
284,876361609

131
373.844
2,13
1,57%
2,20%
27,69%
284,932060027

93
373.845
2,13
1,57%
2,20%
28,44%
284,963431464

138
373.845
2,13
1,57%
2,20%
27,91%
284,955280319

133
373.844
2,13
1,57%
2,20%
29,47%
284,632878283

91
373.843
2,11
1,57%
2,21%
28,99%
287,009522053

134
373.843
2,13
1,57%
2,20%
29,51%
284,702535090

93
373.843
2,08
1,56%
2,20%
27,61%
291,602416643

130
373.842
2,13
1,56%
2,21%
27,63%
284,707779032

133
373.845
2,12
1,59%
2,21%
29,79%
286,746699509

130
373.843
2,13
1,57%
2,20%
28,15%
284,876361609

131
373.844
2,13
1,57%
2,20%
27,69%
284,932060027

93
373.845
2,13
1,57%
2,20%
28,44%
284,963431464

138
373.845
2,13
1,57%
2,20%
27,91%
284,955280319

133
373.844
2,13
1,57%
2,20%
29,47%
284,632878283

91
373.843
2,11
1,57%
2,21%
28,99%
287,009522053

134
373.843
2,13
1,57%
2,20%
29,51%
284,702535090

93
373.843
2,08
1,56%
2,20%
27,61%
291,602416643

130
373.842
2,13
1,56%
2,21%
27,63%
284,707779032

133
373.845
2,12
1,59%
2,21%
29,79%
286,746699509

130
373.843
2,13
1,57%
2,20%
28,15%
284,876361609

131
373.844
2,13
1,57%
2,20%
27,69%
284,932060027

93
373.845
2,13
1,57%
2,20%
28,44%
284,963431464

138
373.845
2,13
1,57%
2,20%
27,91%
284,955280319

133
373.844
2,13
1,57%
2,20%
29,47%
284,632878283

91
373.843
2,11
1,57%
2,21%
28,99%
287,009522053

134
373.843
2,13
1,57%
2,20%
29,51%
284,702535090

93
373.843
2,08
1,56%
2,20%
27,61%
291,602416643

130
373.842
2,13
1,56%
2,21%
27,63%
284,707779032

133
373.845
2,12
1,59%
2,21%
29,79%
286,746699509

130
373.843
2,13
1,57%
2,20%
28,15%
284,876361609

131
373.844
2,13
1,57%
2,20%
27,69%
284,932060027

93
373.845
2,13
1,57%
2,20%
28,44%
284,963431464

138
373.845
2,13
1,57%
2,20%
27,91%
284,955280319

133
373.844
2,13
1,57%
2,20%
29,47%
284,632878283

91
373.843
2,11
1,57%
2,21%
28,99%
287,009522053

