
barnes_seq
122.125
373843.75
2.12625
1.56875
2.2025
28.47375
285.361708638

barnes_mutex
2
630.75
319009.375
1.86
1.67375
6.51125
29.11875
61.0594473185

4
2428.25
277996.125
1.85
1.67125
6.47375
31.22125
34.0474761281

8
13061.125
259559.25
1.84125
1.59875
6.41375
32.63125
34.1198695373

16
21899.875
250092.5
1.8425
1.53875
6.22375
34.54375
34.3398382286

barnes_spin
2
115.125
318989.75
1.9
1.34375
6.4875
29.9775
59.8510072225

4
585.125
277977.0
1.88
1.345
6.46875
31.80625
33.4294723414

8
10296.25
259515.25
1.83875
1.3
6.41375
33.38875
34.0339272437

16
18223.875
250119.625
1.80875
1.2525
6.2575
34.63
34.7784887375

barnes_semaforo
2
634.75
319003.375
1.89375
1.3375
6.4975
29.0225
60.0205871497

4
2568.75
277992.5
1.88
1.3375
6.4725
31.34125
33.4849310595

8
12624.5
259563.625
1.8775
1.285
6.4275
32.7925
33.5889364416

16
21040.75
250098.0
1.88
1.22875
6.23875
34.65125
33.653948611

barnes_psemaforo
2
616.625
598464.375
1.78625
1.42
6.9325
31.09375
54.3234681244

4
2907.625
937485.875
1.75
1.42
6.9
37.07625
30.821498915

8
13023.625
1654006.375
1.73
1.36
6.8
37.84375
31.2823031112

16
22372.25
3017124.5
1.695
1.29625
6.66
40.165
32.3465785084

