2659093
0.06

2522400
0.05

2326687
0.05

2648316
0.06

2610647
0.05

2198480
0.05

2338200
0.05

2370821
0.05

3093667
0.06

2809030
0.06
2659093
0,06

2522400
0,05

2326687
0,05

2648316
0,06

2610647
0,05

2198480
0,05

2338200
0,05

2370821
0,05

3093667
0,06

2809030
0,06

2659093
0,06

2522400
0,05

2326687
0,05

2648316
0,06

2610647
0,05

2198480
0,05

2338200
0,05

2370821
0,05

3093667
0,06

2809030
0,06

2659093
0,06

2522400
0,05

2326687
0,05

2648316
0,06

2610647
0,05

2198480
0,05

2338200
0,05

2370821
0,05

3093667
0,06

2809030
0,06

2659093
0,06

2522400
0,05

2326687
0,05

2648316
0,06

2610647
0,05

2198480
0,05

2338200
0,05

2370821
0,05

3093667
0,06

2809030
0,06

2659093
0,06

2522400
0,05

2326687
0,05

2648316
0,06

2610647
0,05

2198480
0,05

2338200
0,05

2370821
0,05

3093667
0,06

2809030
0,06

2659093
0,06

2522400
0,05

2326687
0,05

2648316
0,06

2610647
0,05

2198480
0,05

2338200
0,05

2370821
0,05

3093667
0,06

2809030
0,06

2659093
0,06

2522400
0,05

2326687
0,05

2648316
0,06

2610647
0,05

2198480
0,05

2338200
0,05

2370821
0,05

3093667
0,06

2809030
0,06

2659093
0,06

2522400
0,05

2326687
0,05

2648316
0,06

2610647
0,05

2198480
0,05

2338200
0,05

2370821
0,05

3093667
0,06

2809030
0,06

2659093
0,06

2522400
0,05

2326687
0,05

2648316
0,06

2610647
0,05

2198480
0,05

2338200
0,05

2370821
0,05

3093667
0,06

2809030
0,06

2659093
0,06

2522400
0,05

2326687
0,05

2648316
0,06

2610647
0,05

2198480
0,05

2338200
0,05

2370821
0,05

3093667
0,06

2809030
0,06

2659093
0,06

2522400
0,05

2326687
0,05

2648316
0,06

2610647
0,05

2198480
0,05

2338200
0,05

2370821
0,05

3093667
0,06

2809030
0,06

2659093
0,06

2522400
0,05

2326687
0,05

2648316
0,06

2610647
0,05

2198480
0,05

2338200
0,05

2370821
0,05

3093667
0,06

2809030
0,06

2659093
0,06

2522400
0,05

2326687
0,05

2648316
0,06

2610647
0,05

2198480
0,05

2338200
0,05

2370821
0,05

3093667
0,06

2809030
0,06

2659093
0,06

2522400
0,05

2326687
0,05

2648316
0,06

2610647
0,05

2198480
0,05

2338200
0,05

2370821
0,05

3093667
0,06

2809030
0,06

2659093
0,06

2522400
0,05

2326687
0,05

2648316
0,06

2610647
0,05

2198480
0,05

2338200
0,05

2370821
0,05

3093667
0,06

2809030
0,06

2659093
0,06

2522400
0,05

2326687
0,05

2648316
0,06

2610647
0,05

2198480
0,05

2338200
0,05

2370821
0,05

3093667
0,06

2809030
0,06

2659093
0,06

2522400
0,05

2326687
0,05

2648316
0,06

2610647
0,05

2198480
0,05

2338200
0,05

2370821
0,05

3093667
0,06

2809030
0,06

2659093
0,06

2522400
0,05

2326687
0,05

2648316
0,06

2610647
0,05

2198480
0,05

2338200
0,05

2370821
0,05

3093667
0,06

2809030
0,06

2659093
0,06

2522400
0,05

2326687
0,05

2648316
0,06

2610647
0,05

2198480
0,05

2338200
0,05

2370821
0,05

3093667
0,06

2809030
0,06

