7420244
0.11

7668992
0.11

7691603
0.11

7725616
0.11

7382998
0.11

7585409
0.11

7658190
0.11

7615311
0.11

7350990
0.11

7469421
0.11
7420244
0,11

7668992
0,11

7691603
0,11

7725616
0,11

7382998
0,11

7585409
0,11

7658190
0,11

7615311
0,11

7350990
0,11

7469421
0,11

7420244
0,11

7668992
0,11

7691603
0,11

7725616
0,11

7382998
0,11

7585409
0,11

7658190
0,11

7615311
0,11

7350990
0,11

7469421
0,11

7420244
0,11

7668992
0,11

7691603
0,11

7725616
0,11

7382998
0,11

7585409
0,11

7658190
0,11

7615311
0,11

7350990
0,11

7469421
0,11

7420244
0,11

7668992
0,11

7691603
0,11

7725616
0,11

7382998
0,11

7585409
0,11

7658190
0,11

7615311
0,11

7350990
0,11

7469421
0,11

7420244
0,11

7668992
0,11

7691603
0,11

7725616
0,11

7382998
0,11

7585409
0,11

7658190
0,11

7615311
0,11

7350990
0,11

7469421
0,11

7420244
0,11

7668992
0,11

7691603
0,11

7725616
0,11

7382998
0,11

7585409
0,11

7658190
0,11

7615311
0,11

7350990
0,11

7469421
0,11

7420244
0,11

7668992
0,11

7691603
0,11

7725616
0,11

7382998
0,11

7585409
0,11

7658190
0,11

7615311
0,11

7350990
0,11

7469421
0,11

7420244
0,11

7668992
0,11

7691603
0,11

7725616
0,11

7382998
0,11

7585409
0,11

7658190
0,11

7615311
0,11

7350990
0,11

7469421
0,11

7420244
0,11

7668992
0,11

7691603
0,11

7725616
0,11

7382998
0,11

7585409
0,11

7658190
0,11

7615311
0,11

7350990
0,11

7469421
0,11

7420244
0,11

7668992
0,11

7691603
0,11

7725616
0,11

7382998
0,11

7585409
0,11

7658190
0,11

7615311
0,11

7350990
0,11

7469421
0,11

7420244
0,11

7668992
0,11

7691603
0,11

7725616
0,11

7382998
0,11

7585409
0,11

7658190
0,11

7615311
0,11

7350990
0,11

7469421
0,11

7420244
0,11

7668992
0,11

7691603
0,11

7725616
0,11

7382998
0,11

7585409
0,11

7658190
0,11

7615311
0,11

7350990
0,11

7469421
0,11

7420244
0,11

7668992
0,11

7691603
0,11

7725616
0,11

7382998
0,11

7585409
0,11

7658190
0,11

7615311
0,11

7350990
0,11

7469421
0,11

7420244
0,11

7668992
0,11

7691603
0,11

7725616
0,11

7382998
0,11

7585409
0,11

7658190
0,11

7615311
0,11

7350990
0,11

7469421
0,11

7420244
0,11

7668992
0,11

7691603
0,11

7725616
0,11

7382998
0,11

7585409
0,11

7658190
0,11

7615311
0,11

7350990
0,11

7469421
0,11

7420244
0,11

7668992
0,11

7691603
0,11

7725616
0,11

7382998
0,11

7585409
0,11

7658190
0,11

7615311
0,11

7350990
0,11

7469421
0,11

7420244
0,11

7668992
0,11

7691603
0,11

7725616
0,11

7382998
0,11

7585409
0,11

7658190
0,11

7615311
0,11

7350990
0,11

7469421
0,11

7420244
0,11

7668992
0,11

7691603
0,11

7725616
0,11

7382998
0,11

7585409
0,11

7658190
0,11

7615311
0,11

7350990
0,11

7469421
0,11

7420244
0,11

7668992
0,11

7691603
0,11

7725616
0,11

7382998
0,11

7585409
0,11

7658190
0,11

7615311
0,11

7350990
0,11

7469421
0,11

