11616482
0.31

11766040
0.31

11466979
0.30

11690947
0.31

11746562
0.31

11606663
0.30

11620311
0.29

11724445
0.31

11547718
0.30

11856606
0.31
11616482
0,31

11766040
0,31

11466979
0,30

11690947
0,31

11746562
0,31

11606663
0,30

11620311
0,29

11724445
0,31

11547718
0,30

11856606
0,31

11616482
0,31

11766040
0,31

11466979
0,30

11690947
0,31

11746562
0,31

11606663
0,30

11620311
0,29

11724445
0,31

11547718
0,30

11856606
0,31

11616482
0,31

11766040
0,31

11466979
0,30

11690947
0,31

11746562
0,31

11606663
0,30

11620311
0,29

11724445
0,31

11547718
0,30

11856606
0,31

11616482
0,31

11766040
0,31

11466979
0,30

11690947
0,31

11746562
0,31

11606663
0,30

11620311
0,29

11724445
0,31

11547718
0,30

11856606
0,31

11616482
0,31

11766040
0,31

11466979
0,30

11690947
0,31

11746562
0,31

11606663
0,30

11620311
0,29

11724445
0,31

11547718
0,30

11856606
0,31

11616482
0,31

11766040
0,31

11466979
0,30

11690947
0,31

11746562
0,31

11606663
0,30

11620311
0,29

11724445
0,31

11547718
0,30

11856606
0,31

11616482
0,31

11766040
0,31

11466979
0,30

11690947
0,31

11746562
0,31

11606663
0,30

11620311
0,29

11724445
0,31

11547718
0,30

11856606
0,31

11616482
0,31

11766040
0,31

11466979
0,30

11690947
0,31

11746562
0,31

11606663
0,30

11620311
0,29

11724445
0,31

11547718
0,30

11856606
0,31

11616482
0,31

11766040
0,31

11466979
0,30

11690947
0,31

11746562
0,31

11606663
0,30

11620311
0,29

11724445
0,31

11547718
0,30

11856606
0,31

11616482
0,31

11766040
0,31

11466979
0,30

11690947
0,31

11746562
0,31

11606663
0,30

11620311
0,29

11724445
0,31

11547718
0,30

11856606
0,31

11616482
0,31

11766040
0,31

11466979
0,30

11690947
0,31

11746562
0,31

11606663
0,30

11620311
0,29

11724445
0,31

11547718
0,30

11856606
0,31

