3072245
0.06

3090087
0.06

3579018
0.06

3477541
0.06

3484583
0.06

2828793
0.06

2834629
0.06

2607420
0.05

3246617
0.06

3053176
0.06
3072245
0,06

3090087
0,06

3579018
0,06

3477541
0,06

3484583
0,06

2828793
0,06

2834629
0,06

2607420
0,05

3246617
0,06

3053176
0,06

3072245
0,06

3090087
0,06

3579018
0,06

3477541
0,06

3484583
0,06

2828793
0,06

2834629
0,06

2607420
0,05

3246617
0,06

3053176
0,06

3072245
0,06

3090087
0,06

3579018
0,06

3477541
0,06

3484583
0,06

2828793
0,06

2834629
0,06

2607420
0,05

3246617
0,06

3053176
0,06

3072245
0,06

3090087
0,06

3579018
0,06

3477541
0,06

3484583
0,06

2828793
0,06

2834629
0,06

2607420
0,05

3246617
0,06

3053176
0,06

3072245
0,06

3090087
0,06

3579018
0,06

3477541
0,06

3484583
0,06

2828793
0,06

2834629
0,06

2607420
0,05

3246617
0,06

3053176
0,06

3072245
0,06

3090087
0,06

3579018
0,06

3477541
0,06

3484583
0,06

2828793
0,06

2834629
0,06

2607420
0,05

3246617
0,06

3053176
0,06

3072245
0,06

3090087
0,06

3579018
0,06

3477541
0,06

3484583
0,06

2828793
0,06

2834629
0,06

2607420
0,05

3246617
0,06

3053176
0,06

3072245
0,06

3090087
0,06

3579018
0,06

3477541
0,06

3484583
0,06

2828793
0,06

2834629
0,06

2607420
0,05

3246617
0,06

3053176
0,06

3072245
0,06

3090087
0,06

3579018
0,06

3477541
0,06

3484583
0,06

2828793
0,06

2834629
0,06

2607420
0,05

3246617
0,06

3053176
0,06

3072245
0,06

3090087
0,06

3579018
0,06

3477541
0,06

3484583
0,06

2828793
0,06

2834629
0,06

2607420
0,05

3246617
0,06

3053176
0,06

3072245
0,06

3090087
0,06

3579018
0,06

3477541
0,06

3484583
0,06

2828793
0,06

2834629
0,06

2607420
0,05

3246617
0,06

3053176
0,06

3072245
0,06

3090087
0,06

3579018
0,06

3477541
0,06

3484583
0,06

2828793
0,06

2834629
0,06

2607420
0,05

3246617
0,06

3053176
0,06

3072245
0,06

3090087
0,06

3579018
0,06

3477541
0,06

3484583
0,06

2828793
0,06

2834629
0,06

2607420
0,05

3246617
0,06

3053176
0,06

3072245
0,06

3090087
0,06

3579018
0,06

3477541
0,06

3484583
0,06

2828793
0,06

2834629
0,06

2607420
0,05

3246617
0,06

3053176
0,06

3072245
0,06

3090087
0,06

3579018
0,06

3477541
0,06

3484583
0,06

2828793
0,06

2834629
0,06

2607420
0,05

3246617
0,06

3053176
0,06

3072245
0,06

3090087
0,06

3579018
0,06

3477541
0,06

3484583
0,06

2828793
0,06

2834629
0,06

2607420
0,05

3246617
0,06

3053176
0,06

3072245
0,06

3090087
0,06

3579018
0,06

3477541
0,06

3484583
0,06

2828793
0,06

2834629
0,06

2607420
0,05

3246617
0,06

3053176
0,06

3072245
0,06

3090087
0,06

3579018
0,06

3477541
0,06

3484583
0,06

2828793
0,06

2834629
0,06

2607420
0,05

3246617
0,06

3053176
0,06

3072245
0,06

3090087
0,06

3579018
0,06

3477541
0,06

3484583
0,06

2828793
0,06

2834629
0,06

2607420
0,05

3246617
0,06

3053176
0,06

