6622347
0.49

6593767
0.50

6791451
0.50

6703931
0.50

6584722
0.49

6588041
0.49

6504054
0.49

6597844
0.49

6568682
0.50

6694377
0.50
6622347
0,49

6593767
0,50

6791451
0,50

6703931
0,50

6584722
0,49

6588041
0,49

6504054
0,49

6597844
0,49

6568682
0,50

6694377
0,50

6622347
0,49

6593767
0,50

6791451
0,50

6703931
0,50

6584722
0,49

6588041
0,49

6504054
0,49

6597844
0,49

6568682
0,50

6694377
0,50

6622347
0,49

6593767
0,50

6791451
0,50

6703931
0,50

6584722
0,49

6588041
0,49

6504054
0,49

6597844
0,49

6568682
0,50

6694377
0,50

6622347
0,49

6593767
0,50

6791451
0,50

6703931
0,50

6584722
0,49

6588041
0,49

6504054
0,49

6597844
0,49

6568682
0,50

6694377
0,50

6622347
0,49

6593767
0,50

6791451
0,50

6703931
0,50

6584722
0,49

6588041
0,49

6504054
0,49

6597844
0,49

6568682
0,50

6694377
0,50

6622347
0,49

6593767
0,50

6791451
0,50

6703931
0,50

6584722
0,49

6588041
0,49

6504054
0,49

6597844
0,49

6568682
0,50

6694377
0,50

6622347
0,49

6593767
0,50

6791451
0,50

6703931
0,50

6584722
0,49

6588041
0,49

6504054
0,49

6597844
0,49

6568682
0,50

6694377
0,50

6622347
0,49

6593767
0,50

6791451
0,50

6703931
0,50

6584722
0,49

6588041
0,49

6504054
0,49

6597844
0,49

6568682
0,50

6694377
0,50

6622347
0,49

6593767
0,50

6791451
0,50

6703931
0,50

6584722
0,49

6588041
0,49

6504054
0,49

6597844
0,49

6568682
0,50

6694377
0,50

6622347
0,49

6593767
0,50

6791451
0,50

6703931
0,50

6584722
0,49

6588041
0,49

6504054
0,49

6597844
0,49

6568682
0,50

6694377
0,50

6622347
0,49

6593767
0,50

6791451
0,50

6703931
0,50

6584722
0,49

6588041
0,49

6504054
0,49

6597844
0,49

6568682
0,50

6694377
0,50

