6730641
0.60

6777994
0.60

6716836
0.61

6733301
0.61

6727953
0.60

6772910
0.60

6701876
0.60

6724325
0.60

6792009
0.60

6767301
0.60
6730641
0,60

6777994
0,60

6716836
0,61

6733301
0,61

6727953
0,60

6772910
0,60

6701876
0,60

6724325
0,60

6792009
0,60

6767301
0,60

6730641
0,60

6777994
0,60

6716836
0,61

6733301
0,61

6727953
0,60

6772910
0,60

6701876
0,60

6724325
0,60

6792009
0,60

6767301
0,60

6730641
0,60

6777994
0,60

6716836
0,61

6733301
0,61

6727953
0,60

6772910
0,60

6701876
0,60

6724325
0,60

6792009
0,60

6767301
0,60

6730641
0,60

6777994
0,60

6716836
0,61

6733301
0,61

6727953
0,60

6772910
0,60

6701876
0,60

6724325
0,60

6792009
0,60

6767301
0,60

6730641
0,60

6777994
0,60

6716836
0,61

6733301
0,61

6727953
0,60

6772910
0,60

6701876
0,60

6724325
0,60

6792009
0,60

6767301
0,60

6730641
0,60

6777994
0,60

6716836
0,61

6733301
0,61

6727953
0,60

6772910
0,60

6701876
0,60

6724325
0,60

6792009
0,60

6767301
0,60

6730641
0,60

6777994
0,60

6716836
0,61

6733301
0,61

6727953
0,60

6772910
0,60

6701876
0,60

6724325
0,60

6792009
0,60

6767301
0,60

6730641
0,60

6777994
0,60

6716836
0,61

6733301
0,61

6727953
0,60

6772910
0,60

6701876
0,60

6724325
0,60

6792009
0,60

6767301
0,60

6730641
0,60

6777994
0,60

6716836
0,61

6733301
0,61

6727953
0,60

6772910
0,60

6701876
0,60

6724325
0,60

6792009
0,60

6767301
0,60

6730641
0,60

6777994
0,60

6716836
0,61

6733301
0,61

6727953
0,60

6772910
0,60

6701876
0,60

6724325
0,60

6792009
0,60

6767301
0,60

6730641
0,60

6777994
0,60

6716836
0,61

6733301
0,61

6727953
0,60

6772910
0,60

6701876
0,60

6724325
0,60

6792009
0,60

6767301
0,60

6730641
0,60

6777994
0,60

6716836
0,61

6733301
0,61

6727953
0,60

6772910
0,60

6701876
0,60

6724325
0,60

6792009
0,60

6767301
0,60

6730641
0,60

6777994
0,60

6716836
0,61

6733301
0,61

6727953
0,60

6772910
0,60

6701876
0,60

6724325
0,60

6792009
0,60

6767301
0,60

6730641
0,60

6777994
0,60

6716836
0,61

6733301
0,61

6727953
0,60

6772910
0,60

6701876
0,60

6724325
0,60

6792009
0,60

6767301
0,60

6730641
0,60

6777994
0,60

6716836
0,61

6733301
0,61

6727953
0,60

6772910
0,60

6701876
0,60

6724325
0,60

6792009
0,60

6767301
0,60

6730641
0,60

6777994
0,60

6716836
0,61

6733301
0,61

6727953
0,60

6772910
0,60

6701876
0,60

6724325
0,60

6792009
0,60

6767301
0,60

6730641
0,60

6777994
0,60

6716836
0,61

6733301
0,61

6727953
0,60

6772910
0,60

6701876
0,60

6724325
0,60

6792009
0,60

6767301
0,60

6730641
0,60

6777994
0,60

6716836
0,61

6733301
0,61

6727953
0,60

6772910
0,60

6701876
0,60

6724325
0,60

6792009
0,60

6767301
0,60

6730641
0,60

6777994
0,60

6716836
0,61

6733301
0,61

6727953
0,60

6772910
0,60

6701876
0,60

6724325
0,60

6792009
0,60

6767301
0,60

