4652642
0.56

4605565
0.56

4631794
0.56

4552866
0.56

4648557
0.56

4670773
0.55

4624401
0.56

4611647
0.56

4606797
0.55

4648788
0.55
4652642
0,56

4605565
0,56

4631794
0,56

4552866
0,56

4648557
0,56

4670773
0,55

4624401
0,56

4611647
0,56

4606797
0,55

4648788
0,55

4652642
0,56

4605565
0,56

4631794
0,56

4552866
0,56

4648557
0,56

4670773
0,55

4624401
0,56

4611647
0,56

4606797
0,55

4648788
0,55

4652642
0,56

4605565
0,56

4631794
0,56

4552866
0,56

4648557
0,56

4670773
0,55

4624401
0,56

4611647
0,56

4606797
0,55

4648788
0,55

4652642
0,56

4605565
0,56

4631794
0,56

4552866
0,56

4648557
0,56

4670773
0,55

4624401
0,56

4611647
0,56

4606797
0,55

4648788
0,55

4652642
0,56

4605565
0,56

4631794
0,56

4552866
0,56

4648557
0,56

4670773
0,55

4624401
0,56

4611647
0,56

4606797
0,55

4648788
0,55

4652642
0,56

4605565
0,56

4631794
0,56

4552866
0,56

4648557
0,56

4670773
0,55

4624401
0,56

4611647
0,56

4606797
0,55

4648788
0,55

4652642
0,56

4605565
0,56

4631794
0,56

4552866
0,56

4648557
0,56

4670773
0,55

4624401
0,56

4611647
0,56

4606797
0,55

4648788
0,55

4652642
0,56

4605565
0,56

4631794
0,56

4552866
0,56

4648557
0,56

4670773
0,55

4624401
0,56

4611647
0,56

4606797
0,55

4648788
0,55

4652642
0,56

4605565
0,56

4631794
0,56

4552866
0,56

4648557
0,56

4670773
0,55

4624401
0,56

4611647
0,56

4606797
0,55

4648788
0,55

4652642
0,56

4605565
0,56

4631794
0,56

4552866
0,56

4648557
0,56

4670773
0,55

4624401
0,56

4611647
0,56

4606797
0,55

4648788
0,55

4652642
0,56

4605565
0,56

4631794
0,56

4552866
0,56

4648557
0,56

4670773
0,55

4624401
0,56

4611647
0,56

4606797
0,55

4648788
0,55

4652642
0,56

4605565
0,56

4631794
0,56

4552866
0,56

4648557
0,56

4670773
0,55

4624401
0,56

4611647
0,56

4606797
0,55

4648788
0,55

4652642
0,56

4605565
0,56

4631794
0,56

4552866
0,56

4648557
0,56

4670773
0,55

4624401
0,56

4611647
0,56

4606797
0,55

4648788
0,55

4652642
0,56

4605565
0,56

4631794
0,56

4552866
0,56

4648557
0,56

4670773
0,55

4624401
0,56

4611647
0,56

4606797
0,55

4648788
0,55

4652642
0,56

4605565
0,56

4631794
0,56

4552866
0,56

4648557
0,56

4670773
0,55

4624401
0,56

4611647
0,56

4606797
0,55

4648788
0,55

4652642
0,56

4605565
0,56

4631794
0,56

4552866
0,56

4648557
0,56

4670773
0,55

4624401
0,56

4611647
0,56

4606797
0,55

4648788
0,55

4652642
0,56

4605565
0,56

4631794
0,56

4552866
0,56

4648557
0,56

4670773
0,55

4624401
0,56

4611647
0,56

4606797
0,55

4648788
0,55

4652642
0,56

4605565
0,56

4631794
0,56

4552866
0,56

4648557
0,56

4670773
0,55

4624401
0,56

4611647
0,56

4606797
0,55

4648788
0,55

4652642
0,56

4605565
0,56

4631794
0,56

4552866
0,56

4648557
0,56

4670773
0,55

4624401
0,56

4611647
0,56

4606797
0,55

4648788
0,55

