5878125
0.52

5869374
0.53

5876825
0.52

5869650
0.52

5926570
0.52

5903323
0.53

5909961
0.52

5839309
0.52

5784224
0.52

5824309
0.53
5878125
0,52

5869374
0,53

5876825
0,52

5869650
0,52

5926570
0,52

5903323
0,53

5909961
0,52

5839309
0,52

5784224
0,52

5824309
0,53

5878125
0,52

5869374
0,53

5876825
0,52

5869650
0,52

5926570
0,52

5903323
0,53

5909961
0,52

5839309
0,52

5784224
0,52

5824309
0,53

5878125
0,52

5869374
0,53

5876825
0,52

5869650
0,52

5926570
0,52

5903323
0,53

5909961
0,52

5839309
0,52

5784224
0,52

5824309
0,53

5878125
0,52

5869374
0,53

5876825
0,52

5869650
0,52

5926570
0,52

5903323
0,53

5909961
0,52

5839309
0,52

5784224
0,52

5824309
0,53

5878125
0,52

5869374
0,53

5876825
0,52

5869650
0,52

5926570
0,52

5903323
0,53

5909961
0,52

5839309
0,52

5784224
0,52

5824309
0,53

5878125
0,52

5869374
0,53

5876825
0,52

5869650
0,52

5926570
0,52

5903323
0,53

5909961
0,52

5839309
0,52

5784224
0,52

5824309
0,53

5878125
0,52

5869374
0,53

5876825
0,52

5869650
0,52

5926570
0,52

5903323
0,53

5909961
0,52

5839309
0,52

5784224
0,52

5824309
0,53

5878125
0,52

5869374
0,53

5876825
0,52

5869650
0,52

5926570
0,52

5903323
0,53

5909961
0,52

5839309
0,52

5784224
0,52

5824309
0,53

5878125
0,52

5869374
0,53

5876825
0,52

5869650
0,52

5926570
0,52

5903323
0,53

5909961
0,52

5839309
0,52

5784224
0,52

5824309
0,53

5878125
0,52

5869374
0,53

5876825
0,52

5869650
0,52

5926570
0,52

5903323
0,53

5909961
0,52

5839309
0,52

5784224
0,52

5824309
0,53

5878125
0,52

5869374
0,53

5876825
0,52

5869650
0,52

5926570
0,52

5903323
0,53

5909961
0,52

5839309
0,52

5784224
0,52

5824309
0,53

5878125
0,52

5869374
0,53

5876825
0,52

5869650
0,52

5926570
0,52

5903323
0,53

5909961
0,52

5839309
0,52

5784224
0,52

5824309
0,53

5878125
0,52

5869374
0,53

5876825
0,52

5869650
0,52

5926570
0,52

5903323
0,53

5909961
0,52

5839309
0,52

5784224
0,52

5824309
0,53

5878125
0,52

5869374
0,53

5876825
0,52

5869650
0,52

5926570
0,52

5903323
0,53

5909961
0,52

5839309
0,52

5784224
0,52

5824309
0,53

5878125
0,52

5869374
0,53

5876825
0,52

5869650
0,52

5926570
0,52

5903323
0,53

5909961
0,52

5839309
0,52

5784224
0,52

5824309
0,53

5878125
0,52

5869374
0,53

5876825
0,52

5869650
0,52

5926570
0,52

5903323
0,53

5909961
0,52

5839309
0,52

5784224
0,52

5824309
0,53

5878125
0,52

5869374
0,53

5876825
0,52

5869650
0,52

5926570
0,52

5903323
0,53

5909961
0,52

5839309
0,52

5784224
0,52

5824309
0,53

5878125
0,52

5869374
0,53

5876825
0,52

5869650
0,52

5926570
0,52

5903323
0,53

5909961
0,52

5839309
0,52

5784224
0,52

5824309
0,53

5878125
0,52

5869374
0,53

5876825
0,52

5869650
0,52

5926570
0,52

5903323
0,53

5909961
0,52

5839309
0,52

5784224
0,52

5824309
0,53

