6352357
0.61

6392013
0.61

6370988
0.61

6443778
0.61

6352859
0.61

6406945
0.61

6411734
0.61

6468834
0.61

6386010
0.61

6349081
0.61
6352357
0,61

6392013
0,61

6370988
0,61

6443778
0,61

6352859
0,61

6406945
0,61

6411734
0,61

6468834
0,61

6386010
0,61

6349081
0,61

6352357
0,61

6392013
0,61

6370988
0,61

6443778
0,61

6352859
0,61

6406945
0,61

6411734
0,61

6468834
0,61

6386010
0,61

6349081
0,61

6352357
0,61

6392013
0,61

6370988
0,61

6443778
0,61

6352859
0,61

6406945
0,61

6411734
0,61

6468834
0,61

6386010
0,61

6349081
0,61

6352357
0,61

6392013
0,61

6370988
0,61

6443778
0,61

6352859
0,61

6406945
0,61

6411734
0,61

6468834
0,61

6386010
0,61

6349081
0,61

6352357
0,61

6392013
0,61

6370988
0,61

6443778
0,61

6352859
0,61

6406945
0,61

6411734
0,61

6468834
0,61

6386010
0,61

6349081
0,61

6352357
0,61

6392013
0,61

6370988
0,61

6443778
0,61

6352859
0,61

6406945
0,61

6411734
0,61

6468834
0,61

6386010
0,61

6349081
0,61

6352357
0,61

6392013
0,61

6370988
0,61

6443778
0,61

6352859
0,61

6406945
0,61

6411734
0,61

6468834
0,61

6386010
0,61

6349081
0,61

6352357
0,61

6392013
0,61

6370988
0,61

6443778
0,61

6352859
0,61

6406945
0,61

6411734
0,61

6468834
0,61

6386010
0,61

6349081
0,61

6352357
0,61

6392013
0,61

6370988
0,61

6443778
0,61

6352859
0,61

6406945
0,61

6411734
0,61

6468834
0,61

6386010
0,61

6349081
0,61

6352357
0,61

6392013
0,61

6370988
0,61

6443778
0,61

6352859
0,61

6406945
0,61

6411734
0,61

6468834
0,61

6386010
0,61

6349081
0,61

6352357
0,61

6392013
0,61

6370988
0,61

6443778
0,61

6352859
0,61

6406945
0,61

6411734
0,61

6468834
0,61

6386010
0,61

6349081
0,61

6352357
0,61

6392013
0,61

6370988
0,61

6443778
0,61

6352859
0,61

6406945
0,61

6411734
0,61

6468834
0,61

6386010
0,61

6349081
0,61

6352357
0,61

6392013
0,61

6370988
0,61

6443778
0,61

6352859
0,61

6406945
0,61

6411734
0,61

6468834
0,61

6386010
0,61

6349081
0,61

6352357
0,61

6392013
0,61

6370988
0,61

6443778
0,61

6352859
0,61

6406945
0,61

6411734
0,61

6468834
0,61

6386010
0,61

6349081
0,61

6352357
0,61

6392013
0,61

6370988
0,61

6443778
0,61

6352859
0,61

6406945
0,61

6411734
0,61

6468834
0,61

6386010
0,61

6349081
0,61

6352357
0,61

6392013
0,61

6370988
0,61

6443778
0,61

6352859
0,61

6406945
0,61

6411734
0,61

6468834
0,61

6386010
0,61

6349081
0,61

6352357
0,61

6392013
0,61

6370988
0,61

6443778
0,61

6352859
0,61

6406945
0,61

6411734
0,61

6468834
0,61

6386010
0,61

6349081
0,61

6352357
0,61

6392013
0,61

6370988
0,61

6443778
0,61

6352859
0,61

6406945
0,61

6411734
0,61

6468834
0,61

6386010
0,61

6349081
0,61

6352357
0,61

6392013
0,61

6370988
0,61

6443778
0,61

6352859
0,61

6406945
0,61

6411734
0,61

6468834
0,61

6386010
0,61

6349081
0,61

