6697031
0.59

6694751
0.59

6741721
0.59

6755439
0.60

6769078
0.59

6760959
0.59

6710231
0.59

6753422
0.60

6725167
0.59

6718810
0.59
6697031
0,59

6694751
0,59

6741721
0,59

6755439
0,60

6769078
0,59

6760959
0,59

6710231
0,59

6753422
0,60

6725167
0,59

6718810
0,59

6697031
0,59

6694751
0,59

6741721
0,59

6755439
0,60

6769078
0,59

6760959
0,59

6710231
0,59

6753422
0,60

6725167
0,59

6718810
0,59

6697031
0,59

6694751
0,59

6741721
0,59

6755439
0,60

6769078
0,59

6760959
0,59

6710231
0,59

6753422
0,60

6725167
0,59

6718810
0,59

6697031
0,59

6694751
0,59

6741721
0,59

6755439
0,60

6769078
0,59

6760959
0,59

6710231
0,59

6753422
0,60

6725167
0,59

6718810
0,59

6697031
0,59

6694751
0,59

6741721
0,59

6755439
0,60

6769078
0,59

6760959
0,59

6710231
0,59

6753422
0,60

6725167
0,59

6718810
0,59

6697031
0,59

6694751
0,59

6741721
0,59

6755439
0,60

6769078
0,59

6760959
0,59

6710231
0,59

6753422
0,60

6725167
0,59

6718810
0,59

6697031
0,59

6694751
0,59

6741721
0,59

6755439
0,60

6769078
0,59

6760959
0,59

6710231
0,59

6753422
0,60

6725167
0,59

6718810
0,59

6697031
0,59

6694751
0,59

6741721
0,59

6755439
0,60

6769078
0,59

6760959
0,59

6710231
0,59

6753422
0,60

6725167
0,59

6718810
0,59

6697031
0,59

6694751
0,59

6741721
0,59

6755439
0,60

6769078
0,59

6760959
0,59

6710231
0,59

6753422
0,60

6725167
0,59

6718810
0,59

6697031
0,59

6694751
0,59

6741721
0,59

6755439
0,60

6769078
0,59

6760959
0,59

6710231
0,59

6753422
0,60

6725167
0,59

6718810
0,59

6697031
0,59

6694751
0,59

6741721
0,59

6755439
0,60

6769078
0,59

6760959
0,59

6710231
0,59

6753422
0,60

6725167
0,59

6718810
0,59

6697031
0,59

6694751
0,59

6741721
0,59

6755439
0,60

6769078
0,59

6760959
0,59

6710231
0,59

6753422
0,60

6725167
0,59

6718810
0,59

6697031
0,59

6694751
0,59

6741721
0,59

6755439
0,60

6769078
0,59

6760959
0,59

6710231
0,59

6753422
0,60

6725167
0,59

6718810
0,59

6697031
0,59

6694751
0,59

6741721
0,59

6755439
0,60

6769078
0,59

6760959
0,59

6710231
0,59

6753422
0,60

6725167
0,59

6718810
0,59

6697031
0,59

6694751
0,59

6741721
0,59

6755439
0,60

6769078
0,59

6760959
0,59

6710231
0,59

6753422
0,60

6725167
0,59

6718810
0,59

6697031
0,59

6694751
0,59

6741721
0,59

6755439
0,60

6769078
0,59

6760959
0,59

6710231
0,59

6753422
0,60

6725167
0,59

6718810
0,59

6697031
0,59

6694751
0,59

6741721
0,59

6755439
0,60

6769078
0,59

6760959
0,59

6710231
0,59

6753422
0,60

6725167
0,59

6718810
0,59

6697031
0,59

6694751
0,59

6741721
0,59

6755439
0,60

6769078
0,59

6760959
0,59

6710231
0,59

6753422
0,60

6725167
0,59

6718810
0,59

6697031
0,59

6694751
0,59

6741721
0,59

6755439
0,60

6769078
0,59

6760959
0,59

6710231
0,59

6753422
0,60

6725167
0,59

6718810
0,59

