6834799
0.65

6811722
0.65

6752746
0.65

6864565
0.65

6843889
0.66

6769703
0.65

6848228
0.66

6798275
0.65

6801725
0.66

6869372
0.66
6834799
0,65

6811722
0,65

6752746
0,65

6864565
0,65

6843889
0,66

6769703
0,65

6848228
0,66

6798275
0,65

6801725
0,66

6869372
0,66

6834799
0,65

6811722
0,65

6752746
0,65

6864565
0,65

6843889
0,66

6769703
0,65

6848228
0,66

6798275
0,65

6801725
0,66

6869372
0,66

6834799
0,65

6811722
0,65

6752746
0,65

6864565
0,65

6843889
0,66

6769703
0,65

6848228
0,66

6798275
0,65

6801725
0,66

6869372
0,66

6834799
0,65

6811722
0,65

6752746
0,65

6864565
0,65

6843889
0,66

6769703
0,65

6848228
0,66

6798275
0,65

6801725
0,66

6869372
0,66

6834799
0,65

6811722
0,65

6752746
0,65

6864565
0,65

6843889
0,66

6769703
0,65

6848228
0,66

6798275
0,65

6801725
0,66

6869372
0,66

6834799
0,65

6811722
0,65

6752746
0,65

6864565
0,65

6843889
0,66

6769703
0,65

6848228
0,66

6798275
0,65

6801725
0,66

6869372
0,66

6834799
0,65

6811722
0,65

6752746
0,65

6864565
0,65

6843889
0,66

6769703
0,65

6848228
0,66

6798275
0,65

6801725
0,66

6869372
0,66

6834799
0,65

6811722
0,65

6752746
0,65

6864565
0,65

6843889
0,66

6769703
0,65

6848228
0,66

6798275
0,65

6801725
0,66

6869372
0,66

6834799
0,65

6811722
0,65

6752746
0,65

6864565
0,65

6843889
0,66

6769703
0,65

6848228
0,66

6798275
0,65

6801725
0,66

6869372
0,66

6834799
0,65

6811722
0,65

6752746
0,65

6864565
0,65

6843889
0,66

6769703
0,65

6848228
0,66

6798275
0,65

6801725
0,66

6869372
0,66

6834799
0,65

6811722
0,65

6752746
0,65

6864565
0,65

6843889
0,66

6769703
0,65

6848228
0,66

6798275
0,65

6801725
0,66

6869372
0,66

6834799
0,65

6811722
0,65

6752746
0,65

6864565
0,65

6843889
0,66

6769703
0,65

6848228
0,66

6798275
0,65

6801725
0,66

6869372
0,66

6834799
0,65

6811722
0,65

6752746
0,65

6864565
0,65

6843889
0,66

6769703
0,65

6848228
0,66

6798275
0,65

6801725
0,66

6869372
0,66

6834799
0,65

6811722
0,65

6752746
0,65

6864565
0,65

6843889
0,66

6769703
0,65

6848228
0,66

6798275
0,65

6801725
0,66

6869372
0,66

6834799
0,65

6811722
0,65

6752746
0,65

6864565
0,65

6843889
0,66

6769703
0,65

6848228
0,66

6798275
0,65

6801725
0,66

6869372
0,66

6834799
0,65

6811722
0,65

6752746
0,65

6864565
0,65

6843889
0,66

6769703
0,65

6848228
0,66

6798275
0,65

6801725
0,66

6869372
0,66

6834799
0,65

6811722
0,65

6752746
0,65

6864565
0,65

6843889
0,66

6769703
0,65

6848228
0,66

6798275
0,65

6801725
0,66

6869372
0,66

6834799
0,65

6811722
0,65

6752746
0,65

6864565
0,65

6843889
0,66

6769703
0,65

6848228
0,66

6798275
0,65

6801725
0,66

6869372
0,66

6834799
0,65

6811722
0,65

6752746
0,65

6864565
0,65

6843889
0,66

6769703
0,65

6848228
0,66

6798275
0,65

6801725
0,66

6869372
0,66

