6224043
0.79

6215066
0.78

6111029
0.79

6205723
0.78

6204950
0.79

6219983
0.78

6240271
0.79

6142234
0.79

6095280
0.79

6194747
0.79
6224043
0,79

6215066
0,78

6111029
0,79

6205723
0,78

6204950
0,79

6219983
0,78

6240271
0,79

6142234
0,79

6095280
0,79

6194747
0,79

6224043
0,79

6215066
0,78

6111029
0,79

6205723
0,78

6204950
0,79

6219983
0,78

6240271
0,79

6142234
0,79

6095280
0,79

6194747
0,79

6224043
0,79

6215066
0,78

6111029
0,79

6205723
0,78

6204950
0,79

6219983
0,78

6240271
0,79

6142234
0,79

6095280
0,79

6194747
0,79

6224043
0,79

6215066
0,78

6111029
0,79

6205723
0,78

6204950
0,79

6219983
0,78

6240271
0,79

6142234
0,79

6095280
0,79

6194747
0,79

6224043
0,79

6215066
0,78

6111029
0,79

6205723
0,78

6204950
0,79

6219983
0,78

6240271
0,79

6142234
0,79

6095280
0,79

6194747
0,79

6224043
0,79

6215066
0,78

6111029
0,79

6205723
0,78

6204950
0,79

6219983
0,78

6240271
0,79

6142234
0,79

6095280
0,79

6194747
0,79

6224043
0,79

6215066
0,78

6111029
0,79

6205723
0,78

6204950
0,79

6219983
0,78

6240271
0,79

6142234
0,79

6095280
0,79

6194747
0,79

6224043
0,79

6215066
0,78

6111029
0,79

6205723
0,78

6204950
0,79

6219983
0,78

6240271
0,79

6142234
0,79

6095280
0,79

6194747
0,79

6224043
0,79

6215066
0,78

6111029
0,79

6205723
0,78

6204950
0,79

6219983
0,78

6240271
0,79

6142234
0,79

6095280
0,79

6194747
0,79

6224043
0,79

6215066
0,78

6111029
0,79

6205723
0,78

6204950
0,79

6219983
0,78

6240271
0,79

6142234
0,79

6095280
0,79

6194747
0,79

6224043
0,79

6215066
0,78

6111029
0,79

6205723
0,78

6204950
0,79

6219983
0,78

6240271
0,79

6142234
0,79

6095280
0,79

6194747
0,79

6224043
0,79

6215066
0,78

6111029
0,79

6205723
0,78

6204950
0,79

6219983
0,78

6240271
0,79

6142234
0,79

6095280
0,79

6194747
0,79

6224043
0,79

6215066
0,78

6111029
0,79

6205723
0,78

6204950
0,79

6219983
0,78

6240271
0,79

6142234
0,79

6095280
0,79

6194747
0,79

6224043
0,79

6215066
0,78

6111029
0,79

6205723
0,78

6204950
0,79

6219983
0,78

6240271
0,79

6142234
0,79

6095280
0,79

6194747
0,79

6224043
0,79

6215066
0,78

6111029
0,79

6205723
0,78

6204950
0,79

6219983
0,78

6240271
0,79

6142234
0,79

6095280
0,79

6194747
0,79

6224043
0,79

6215066
0,78

6111029
0,79

6205723
0,78

6204950
0,79

6219983
0,78

6240271
0,79

6142234
0,79

6095280
0,79

6194747
0,79

6224043
0,79

6215066
0,78

6111029
0,79

6205723
0,78

6204950
0,79

6219983
0,78

6240271
0,79

6142234
0,79

6095280
0,79

6194747
0,79

6224043
0,79

6215066
0,78

6111029
0,79

6205723
0,78

6204950
0,79

6219983
0,78

6240271
0,79

6142234
0,79

6095280
0,79

6194747
0,79

6224043
0,79

6215066
0,78

6111029
0,79

6205723
0,78

6204950
0,79

6219983
0,78

6240271
0,79

6142234
0,79

6095280
0,79

6194747
0,79

