14035507
0.82

14126485
0.83

14180036
0.82

14052386
0.82

14089986
0.82

14119412
0.82

14149168
0.82

14121808
0.82

14063902
0.83

14251883
0.83
14035507
0,82

14126485
0,83

14180036
0,82

14052386
0,82

14089986
0,82

14119412
0,82

14149168
0,82

14121808
0,82

14063902
0,83

14251883
0,83

14035507
0,82

14126485
0,83

14180036
0,82

14052386
0,82

14089986
0,82

14119412
0,82

14149168
0,82

14121808
0,82

14063902
0,83

14251883
0,83

14035507
0,82

14126485
0,83

14180036
0,82

14052386
0,82

14089986
0,82

14119412
0,82

14149168
0,82

14121808
0,82

14063902
0,83

14251883
0,83

14035507
0,82

14126485
0,83

14180036
0,82

14052386
0,82

14089986
0,82

14119412
0,82

14149168
0,82

14121808
0,82

14063902
0,83

14251883
0,83

14035507
0,82

14126485
0,83

14180036
0,82

14052386
0,82

14089986
0,82

14119412
0,82

14149168
0,82

14121808
0,82

14063902
0,83

14251883
0,83

14035507
0,82

14126485
0,83

14180036
0,82

14052386
0,82

14089986
0,82

14119412
0,82

14149168
0,82

14121808
0,82

14063902
0,83

14251883
0,83

14035507
0,82

14126485
0,83

14180036
0,82

14052386
0,82

14089986
0,82

14119412
0,82

14149168
0,82

14121808
0,82

14063902
0,83

14251883
0,83

14035507
0,82

14126485
0,83

14180036
0,82

14052386
0,82

14089986
0,82

14119412
0,82

14149168
0,82

14121808
0,82

14063902
0,83

14251883
0,83

14035507
0,82

14126485
0,83

14180036
0,82

14052386
0,82

14089986
0,82

14119412
0,82

14149168
0,82

14121808
0,82

14063902
0,83

14251883
0,83

14035507
0,82

14126485
0,83

14180036
0,82

14052386
0,82

14089986
0,82

14119412
0,82

14149168
0,82

14121808
0,82

14063902
0,83

14251883
0,83

14035507
0,82

14126485
0,83

14180036
0,82

14052386
0,82

14089986
0,82

14119412
0,82

14149168
0,82

14121808
0,82

14063902
0,83

14251883
0,83

