5109593
0.60

5111927
0.60

5075277
0.60

5066764
0.60

4988740
0.60

4957265
0.60

5193243
0.60

5148289
0.60

5065552
0.60

5015732
0.61
5109593
0,60

5111927
0,60

5075277
0,60

5066764
0,60

4988740
0,60

4957265
0,60

5193243
0,60

5148289
0,60

5065552
0,60

5015732
0,61

5109593
0,60

5111927
0,60

5075277
0,60

5066764
0,60

4988740
0,60

4957265
0,60

5193243
0,60

5148289
0,60

5065552
0,60

5015732
0,61

5109593
0,60

5111927
0,60

5075277
0,60

5066764
0,60

4988740
0,60

4957265
0,60

5193243
0,60

5148289
0,60

5065552
0,60

5015732
0,61

5109593
0,60

5111927
0,60

5075277
0,60

5066764
0,60

4988740
0,60

4957265
0,60

5193243
0,60

5148289
0,60

5065552
0,60

5015732
0,61

5109593
0,60

5111927
0,60

5075277
0,60

5066764
0,60

4988740
0,60

4957265
0,60

5193243
0,60

5148289
0,60

5065552
0,60

5015732
0,61

5109593
0,60

5111927
0,60

5075277
0,60

5066764
0,60

4988740
0,60

4957265
0,60

5193243
0,60

5148289
0,60

5065552
0,60

5015732
0,61

5109593
0,60

5111927
0,60

5075277
0,60

5066764
0,60

4988740
0,60

4957265
0,60

5193243
0,60

5148289
0,60

5065552
0,60

5015732
0,61

5109593
0,60

5111927
0,60

5075277
0,60

5066764
0,60

4988740
0,60

4957265
0,60

5193243
0,60

5148289
0,60

5065552
0,60

5015732
0,61

5109593
0,60

5111927
0,60

5075277
0,60

5066764
0,60

4988740
0,60

4957265
0,60

5193243
0,60

5148289
0,60

5065552
0,60

5015732
0,61

5109593
0,60

5111927
0,60

5075277
0,60

5066764
0,60

4988740
0,60

4957265
0,60

5193243
0,60

5148289
0,60

5065552
0,60

5015732
0,61

5109593
0,60

5111927
0,60

5075277
0,60

5066764
0,60

4988740
0,60

4957265
0,60

5193243
0,60

5148289
0,60

5065552
0,60

5015732
0,61

