7158677
0.61

7319146
0.61

6811878
0.61

7096728
0.61

6879359
0.60

7175679
0.61

7175451
0.61

7314632
0.61

6822387
0.60

6935366
0.61
7158677
0,61

7319146
0,61

6811878
0,61

7096728
0,61

6879359
0,60

7175679
0,61

7175451
0,61

7314632
0,61

6822387
0,60

6935366
0,61

7158677
0,61

7319146
0,61

6811878
0,61

7096728
0,61

6879359
0,60

7175679
0,61

7175451
0,61

7314632
0,61

6822387
0,60

6935366
0,61

7158677
0,61

7319146
0,61

6811878
0,61

7096728
0,61

6879359
0,60

7175679
0,61

7175451
0,61

7314632
0,61

6822387
0,60

6935366
0,61

7158677
0,61

7319146
0,61

6811878
0,61

7096728
0,61

6879359
0,60

7175679
0,61

7175451
0,61

7314632
0,61

6822387
0,60

6935366
0,61

7158677
0,61

7319146
0,61

6811878
0,61

7096728
0,61

6879359
0,60

7175679
0,61

7175451
0,61

7314632
0,61

6822387
0,60

6935366
0,61

7158677
0,61

7319146
0,61

6811878
0,61

7096728
0,61

6879359
0,60

7175679
0,61

7175451
0,61

7314632
0,61

6822387
0,60

6935366
0,61

7158677
0,61

7319146
0,61

6811878
0,61

7096728
0,61

6879359
0,60

7175679
0,61

7175451
0,61

7314632
0,61

6822387
0,60

6935366
0,61

7158677
0,61

7319146
0,61

6811878
0,61

7096728
0,61

6879359
0,60

7175679
0,61

7175451
0,61

7314632
0,61

6822387
0,60

6935366
0,61

7158677
0,61

7319146
0,61

6811878
0,61

7096728
0,61

6879359
0,60

7175679
0,61

7175451
0,61

7314632
0,61

6822387
0,60

6935366
0,61

7158677
0,61

7319146
0,61

6811878
0,61

7096728
0,61

6879359
0,60

7175679
0,61

7175451
0,61

7314632
0,61

6822387
0,60

6935366
0,61

7158677
0,61

7319146
0,61

6811878
0,61

7096728
0,61

6879359
0,60

7175679
0,61

7175451
0,61

7314632
0,61

6822387
0,60

6935366
0,61

7158677
0,61

7319146
0,61

6811878
0,61

7096728
0,61

6879359
0,60

7175679
0,61

7175451
0,61

7314632
0,61

6822387
0,60

6935366
0,61

7158677
0,61

7319146
0,61

6811878
0,61

7096728
0,61

6879359
0,60

7175679
0,61

7175451
0,61

7314632
0,61

6822387
0,60

6935366
0,61

7158677
0,61

7319146
0,61

6811878
0,61

7096728
0,61

6879359
0,60

7175679
0,61

7175451
0,61

7314632
0,61

6822387
0,60

6935366
0,61

7158677
0,61

7319146
0,61

6811878
0,61

7096728
0,61

6879359
0,60

7175679
0,61

7175451
0,61

7314632
0,61

6822387
0,60

6935366
0,61

7158677
0,61

7319146
0,61

6811878
0,61

7096728
0,61

6879359
0,60

7175679
0,61

7175451
0,61

7314632
0,61

6822387
0,60

6935366
0,61

