7039583
0.58

7089445
0.58

7102832
0.58

7250505
0.58

6970771
0.58

7079449
0.58

7093042
0.58

7148706
0.57

7194213
0.57

7038501
0.58
7039583
0,58

7089445
0,58

7102832
0,58

7250505
0,58

6970771
0,58

7079449
0,58

7093042
0,58

7148706
0,57

7194213
0,57

7038501
0,58

7039583
0,58

7089445
0,58

7102832
0,58

7250505
0,58

6970771
0,58

7079449
0,58

7093042
0,58

7148706
0,57

7194213
0,57

7038501
0,58

7039583
0,58

7089445
0,58

7102832
0,58

7250505
0,58

6970771
0,58

7079449
0,58

7093042
0,58

7148706
0,57

7194213
0,57

7038501
0,58

7039583
0,58

7089445
0,58

7102832
0,58

7250505
0,58

6970771
0,58

7079449
0,58

7093042
0,58

7148706
0,57

7194213
0,57

7038501
0,58

7039583
0,58

7089445
0,58

7102832
0,58

7250505
0,58

6970771
0,58

7079449
0,58

7093042
0,58

7148706
0,57

7194213
0,57

7038501
0,58

7039583
0,58

7089445
0,58

7102832
0,58

7250505
0,58

6970771
0,58

7079449
0,58

7093042
0,58

7148706
0,57

7194213
0,57

7038501
0,58

7039583
0,58

7089445
0,58

7102832
0,58

7250505
0,58

6970771
0,58

7079449
0,58

7093042
0,58

7148706
0,57

7194213
0,57

7038501
0,58

7039583
0,58

7089445
0,58

7102832
0,58

7250505
0,58

6970771
0,58

7079449
0,58

7093042
0,58

7148706
0,57

7194213
0,57

7038501
0,58

7039583
0,58

7089445
0,58

7102832
0,58

7250505
0,58

6970771
0,58

7079449
0,58

7093042
0,58

7148706
0,57

7194213
0,57

7038501
0,58

7039583
0,58

7089445
0,58

7102832
0,58

7250505
0,58

6970771
0,58

7079449
0,58

7093042
0,58

7148706
0,57

7194213
0,57

7038501
0,58

7039583
0,58

7089445
0,58

7102832
0,58

7250505
0,58

6970771
0,58

7079449
0,58

7093042
0,58

7148706
0,57

7194213
0,57

7038501
0,58

7039583
0,58

7089445
0,58

7102832
0,58

7250505
0,58

6970771
0,58

7079449
0,58

7093042
0,58

7148706
0,57

7194213
0,57

7038501
0,58

7039583
0,58

7089445
0,58

7102832
0,58

7250505
0,58

6970771
0,58

7079449
0,58

7093042
0,58

7148706
0,57

7194213
0,57

7038501
0,58

7039583
0,58

7089445
0,58

7102832
0,58

7250505
0,58

6970771
0,58

7079449
0,58

7093042
0,58

7148706
0,57

7194213
0,57

7038501
0,58

7039583
0,58

7089445
0,58

7102832
0,58

7250505
0,58

6970771
0,58

7079449
0,58

7093042
0,58

7148706
0,57

7194213
0,57

7038501
0,58

7039583
0,58

7089445
0,58

7102832
0,58

7250505
0,58

6970771
0,58

7079449
0,58

7093042
0,58

7148706
0,57

7194213
0,57

7038501
0,58

