621
319.002
1,89
1,34%
6,49%
30,16%
60,315142766

630
319.003
1,90
1,34%
6,50%
30,11%
59,907879117

614
319.004
1,90
1,33%
6,49%
30,65%
59,832808402

569
319.006
1,89
1,34%
6,49%
29,42%
60,069509201

594
319.007
1,89
1,34%
6,52%
26,85%
60,067846670

655
319.002
1,89
1,34%
6,49%
28,59%
60,060741614

646
319.002
1,89
1,34%
6,49%
27,78%
60,014471268

725
319.003
1,90
1,34%
6,50%
30,37%
59,890173532

602
319.002
1,90
1,33%
6,51%
27,26%
59,929988213

716
319.005
1,89
1,33%
6,51%
28,49%
60,224087583

621
319.002
1,89
1,34%
6,49%
30,16%
60,315142766

630
319.003
1,90
1,34%
6,50%
30,11%
59,907879117

614
319.004
1,90
1,33%
6,49%
30,65%
59,832808402

569
319.006
1,89
1,34%
6,49%
29,42%
60,069509201

594
319.007
1,89
1,34%
6,52%
26,85%
60,067846670

655
319.002
1,89
1,34%
6,49%
28,59%
60,060741614

646
319.002
1,89
1,34%
6,49%
27,78%
60,014471268

725
319.003
1,90
1,34%
6,50%
30,37%
59,890173532

602
319.002
1,90
1,33%
6,51%
27,26%
59,929988213

716
319.005
1,89
1,33%
6,51%
28,49%
60,224087583

621
319.002
1,89
1,34%
6,49%
30,16%
60,315142766

630
319.003
1,90
1,34%
6,50%
30,11%
59,907879117

614
319.004
1,90
1,33%
6,49%
30,65%
59,832808402

569
319.006
1,89
1,34%
6,49%
29,42%
60,069509201

594
319.007
1,89
1,34%
6,52%
26,85%
60,067846670

655
319.002
1,89
1,34%
6,49%
28,59%
60,060741614

646
319.002
1,89
1,34%
6,49%
27,78%
60,014471268

725
319.003
1,90
1,34%
6,50%
30,37%
59,890173532

602
319.002
1,90
1,33%
6,51%
27,26%
59,929988213

716
319.005
1,89
1,33%
6,51%
28,49%
60,224087583

621
319.002
1,89
1,34%
6,49%
30,16%
60,315142766

630
319.003
1,90
1,34%
6,50%
30,11%
59,907879117

614
319.004
1,90
1,33%
6,49%
30,65%
59,832808402

569
319.006
1,89
1,34%
6,49%
29,42%
60,069509201

594
319.007
1,89
1,34%
6,52%
26,85%
60,067846670

655
319.002
1,89
1,34%
6,49%
28,59%
60,060741614

646
319.002
1,89
1,34%
6,49%
27,78%
60,014471268

725
319.003
1,90
1,34%
6,50%
30,37%
59,890173532

602
319.002
1,90
1,33%
6,51%
27,26%
59,929988213

716
319.005
1,89
1,33%
6,51%
28,49%
60,224087583

621
319.002
1,89
1,34%
6,49%
30,16%
60,315142766

630
319.003
1,90
1,34%
6,50%
30,11%
59,907879117

614
319.004
1,90
1,33%
6,49%
30,65%
59,832808402

569
319.006
1,89
1,34%
6,49%
29,42%
60,069509201

594
319.007
1,89
1,34%
6,52%
26,85%
60,067846670

655
319.002
1,89
1,34%
6,49%
28,59%
60,060741614

646
319.002
1,89
1,34%
6,49%
27,78%
60,014471268

725
319.003
1,90
1,34%
6,50%
30,37%
59,890173532

602
319.002
1,90
1,33%
6,51%
27,26%
59,929988213

716
319.005
1,89
1,33%
6,51%
28,49%
60,224087583

621
319.002
1,89
1,34%
6,49%
30,16%
60,315142766

630
319.003
1,90
1,34%
6,50%
30,11%
59,907879117

614
319.004
1,90
1,33%
6,49%
30,65%
59,832808402

569
319.006
1,89
1,34%
6,49%
29,42%
60,069509201

594
319.007
1,89
1,34%
6,52%
26,85%
60,067846670

655
319.002
1,89
1,34%
6,49%
28,59%
60,060741614

646
319.002
1,89
1,34%
6,49%
27,78%
60,014471268

725
319.003
1,90
1,34%
6,50%
30,37%
59,890173532

602
319.002
1,90
1,33%
6,51%
27,26%
59,929988213

716
319.005
1,89
1,33%
6,51%
28,49%
60,224087583

621
319.002
1,89
1,34%
6,49%
30,16%
60,315142766

630
319.003
1,90
1,34%
6,50%
30,11%
59,907879117

614
319.004
1,90
1,33%
6,49%
30,65%
59,832808402

569
319.006
1,89
1,34%
6,49%
29,42%
60,069509201

594
319.007
1,89
1,34%
6,52%
26,85%
60,067846670

655
319.002
1,89
1,34%
6,49%
28,59%
60,060741614

646
319.002
1,89
1,34%
6,49%
27,78%
60,014471268

725
319.003
1,90
1,34%
6,50%
30,37%
59,890173532

602
319.002
1,90
1,33%
6,51%
27,26%
59,929988213

716
319.005
1,89
1,33%
6,51%
28,49%
60,224087583

