12.769
259.653
1,88
1,28%
6,43%
31,02%
33,700702270

12.403
259.571
1,88
1,28%
6,43%
34,90%
33,736436283

12.488
259.492
1,88
1,29%
6,40%
33,92%
33,446455879

12.419
259.608
1,88
1,28%
6,44%
35,26%
33,401390786

12.407
259.570
1,88
1,30%
6,45%
31,91%
33,688327777

12.893
259.542
1,87
1,29%
6,44%
31,07%
33,511026910

12.822
259.538
1,87
1,29%
6,49%
31,84%
33,548198079

12.783
259.563
1,88
1,26%
6,41%
33,52%
33,678953549

12.667
259.625
1,88
1,29%
6,42%
32,57%
33,388550686

12.641
259.472
1,85
1,28%
6,39%
32,61%
34,767531902

12.769
259.653
1,88
1,28%
6,43%
31,02%
33,700702270

12.403
259.571
1,88
1,28%
6,43%
34,90%
33,736436283

12.488
259.492
1,88
1,29%
6,40%
33,92%
33,446455879

12.419
259.608
1,88
1,28%
6,44%
35,26%
33,401390786

12.407
259.570
1,88
1,30%
6,45%
31,91%
33,688327777

12.893
259.542
1,87
1,29%
6,44%
31,07%
33,511026910

12.822
259.538
1,87
1,29%
6,49%
31,84%
33,548198079

12.783
259.563
1,88
1,26%
6,41%
33,52%
33,678953549

12.667
259.625
1,88
1,29%
6,42%
32,57%
33,388550686

12.641
259.472
1,85
1,28%
6,39%
32,61%
34,767531902

12.769
259.653
1,88
1,28%
6,43%
31,02%
33,700702270

12.403
259.571
1,88
1,28%
6,43%
34,90%
33,736436283

12.488
259.492
1,88
1,29%
6,40%
33,92%
33,446455879

12.419
259.608
1,88
1,28%
6,44%
35,26%
33,401390786

12.407
259.570
1,88
1,30%
6,45%
31,91%
33,688327777

12.893
259.542
1,87
1,29%
6,44%
31,07%
33,511026910

12.822
259.538
1,87
1,29%
6,49%
31,84%
33,548198079

12.783
259.563
1,88
1,26%
6,41%
33,52%
33,678953549

12.667
259.625
1,88
1,29%
6,42%
32,57%
33,388550686

12.641
259.472
1,85
1,28%
6,39%
32,61%
34,767531902

12.769
259.653
1,88
1,28%
6,43%
31,02%
33,700702270

12.403
259.571
1,88
1,28%
6,43%
34,90%
33,736436283

12.488
259.492
1,88
1,29%
6,40%
33,92%
33,446455879

12.419
259.608
1,88
1,28%
6,44%
35,26%
33,401390786

12.407
259.570
1,88
1,30%
6,45%
31,91%
33,688327777

12.893
259.542
1,87
1,29%
6,44%
31,07%
33,511026910

12.822
259.538
1,87
1,29%
6,49%
31,84%
33,548198079

12.783
259.563
1,88
1,26%
6,41%
33,52%
33,678953549

12.667
259.625
1,88
1,29%
6,42%
32,57%
33,388550686

12.641
259.472
1,85
1,28%
6,39%
32,61%
34,767531902

12.769
259.653
1,88
1,28%
6,43%
31,02%
33,700702270

12.403
259.571
1,88
1,28%
6,43%
34,90%
33,736436283

12.488
259.492
1,88
1,29%
6,40%
33,92%
33,446455879

12.419
259.608
1,88
1,28%
6,44%
35,26%
33,401390786

12.407
259.570
1,88
1,30%
6,45%
31,91%
33,688327777

12.893
259.542
1,87
1,29%
6,44%
31,07%
33,511026910

12.822
259.538
1,87
1,29%
6,49%
31,84%
33,548198079

12.783
259.563
1,88
1,26%
6,41%
33,52%
33,678953549

12.667
259.625
1,88
1,29%
6,42%
32,57%
33,388550686

12.641
259.472
1,85
1,28%
6,39%
32,61%
34,767531902

12.769
259.653
1,88
1,28%
6,43%
31,02%
33,700702270

12.403
259.571
1,88
1,28%
6,43%
34,90%
33,736436283

12.488
259.492
1,88
1,29%
6,40%
33,92%
33,446455879

12.419
259.608
1,88
1,28%
6,44%
35,26%
33,401390786

12.407
259.570
1,88
1,30%
6,45%
31,91%
33,688327777

12.893
259.542
1,87
1,29%
6,44%
31,07%
33,511026910

12.822
259.538
1,87
1,29%
6,49%
31,84%
33,548198079

12.783
259.563
1,88
1,26%
6,41%
33,52%
33,678953549

12.667
259.625
1,88
1,29%
6,42%
32,57%
33,388550686

12.641
259.472
1,85
1,28%
6,39%
32,61%
34,767531902

12.769
259.653
1,88
1,28%
6,43%
31,02%
33,700702270

12.403
259.571
1,88
1,28%
6,43%
34,90%
33,736436283

12.488
259.492
1,88
1,29%
6,40%
33,92%
33,446455879

12.419
259.608
1,88
1,28%
6,44%
35,26%
33,401390786

12.407
259.570
1,88
1,30%
6,45%
31,91%
33,688327777

12.893
259.542
1,87
1,29%
6,44%
31,07%
33,511026910

12.822
259.538
1,87
1,29%
6,49%
31,84%
33,548198079

12.783
259.563
1,88
1,26%
6,41%
33,52%
33,678953549

12.667
259.625
1,88
1,29%
6,42%
32,57%
33,388550686

12.641
259.472
1,85
1,28%
6,39%
32,61%
34,767531902

