21.109
250.206
1,87
1,24%
6,22%
32,73%
33,750618833

20.811
250.136
1,88
1,23%
6,27%
35,44%
33,575018278

20.794
250.168
1,88
1,23%
6,25%
34,46%
33,663747689

19.730
250.083
1,88
1,23%
6,23%
34,29%
33,571957586

20.923
250.125
1,88
1,22%
6,26%
35,37%
33,800715539

21.691
250.106
1,88
1,23%
6,22%
34,64%
33,662854108

21.827
250.055
1,88
1,23%
6,27%
36,45%
33,679049141

20.571
250.026
1,88
1,22%
6,25%
37,14%
33,537123624

20.936
250.074
1,88
1,23%
6,21%
32,36%
33,588690439

21.491
250.037
1,88
1,23%
6,20%
33,83%
33,739652814

21.109
250.206
1,87
1,24%
6,22%
32,73%
33,750618833

20.811
250.136
1,88
1,23%
6,27%
35,44%
33,575018278

20.794
250.168
1,88
1,23%
6,25%
34,46%
33,663747689

19.730
250.083
1,88
1,23%
6,23%
34,29%
33,571957586

20.923
250.125
1,88
1,22%
6,26%
35,37%
33,800715539

21.691
250.106
1,88
1,23%
6,22%
34,64%
33,662854108

21.827
250.055
1,88
1,23%
6,27%
36,45%
33,679049141

20.571
250.026
1,88
1,22%
6,25%
37,14%
33,537123624

20.936
250.074
1,88
1,23%
6,21%
32,36%
33,588690439

21.491
250.037
1,88
1,23%
6,20%
33,83%
33,739652814

21.109
250.206
1,87
1,24%
6,22%
32,73%
33,750618833

20.811
250.136
1,88
1,23%
6,27%
35,44%
33,575018278

20.794
250.168
1,88
1,23%
6,25%
34,46%
33,663747689

19.730
250.083
1,88
1,23%
6,23%
34,29%
33,571957586

20.923
250.125
1,88
1,22%
6,26%
35,37%
33,800715539

21.691
250.106
1,88
1,23%
6,22%
34,64%
33,662854108

21.827
250.055
1,88
1,23%
6,27%
36,45%
33,679049141

20.571
250.026
1,88
1,22%
6,25%
37,14%
33,537123624

20.936
250.074
1,88
1,23%
6,21%
32,36%
33,588690439

21.491
250.037
1,88
1,23%
6,20%
33,83%
33,739652814

21.109
250.206
1,87
1,24%
6,22%
32,73%
33,750618833

20.811
250.136
1,88
1,23%
6,27%
35,44%
33,575018278

20.794
250.168
1,88
1,23%
6,25%
34,46%
33,663747689

19.730
250.083
1,88
1,23%
6,23%
34,29%
33,571957586

20.923
250.125
1,88
1,22%
6,26%
35,37%
33,800715539

21.691
250.106
1,88
1,23%
6,22%
34,64%
33,662854108

21.827
250.055
1,88
1,23%
6,27%
36,45%
33,679049141

20.571
250.026
1,88
1,22%
6,25%
37,14%
33,537123624

20.936
250.074
1,88
1,23%
6,21%
32,36%
33,588690439

21.491
250.037
1,88
1,23%
6,20%
33,83%
33,739652814

21.109
250.206
1,87
1,24%
6,22%
32,73%
33,750618833

20.811
250.136
1,88
1,23%
6,27%
35,44%
33,575018278

20.794
250.168
1,88
1,23%
6,25%
34,46%
33,663747689

19.730
250.083
1,88
1,23%
6,23%
34,29%
33,571957586

20.923
250.125
1,88
1,22%
6,26%
35,37%
33,800715539

21.691
250.106
1,88
1,23%
6,22%
34,64%
33,662854108

21.827
250.055
1,88
1,23%
6,27%
36,45%
33,679049141

20.571
250.026
1,88
1,22%
6,25%
37,14%
33,537123624

20.936
250.074
1,88
1,23%
6,21%
32,36%
33,588690439

21.491
250.037
1,88
1,23%
6,20%
33,83%
33,739652814

21.109
250.206
1,87
1,24%
6,22%
32,73%
33,750618833

20.811
250.136
1,88
1,23%
6,27%
35,44%
33,575018278

20.794
250.168
1,88
1,23%
6,25%
34,46%
33,663747689

19.730
250.083
1,88
1,23%
6,23%
34,29%
33,571957586

20.923
250.125
1,88
1,22%
6,26%
35,37%
33,800715539

21.691
250.106
1,88
1,23%
6,22%
34,64%
33,662854108

21.827
250.055
1,88
1,23%
6,27%
36,45%
33,679049141

20.571
250.026
1,88
1,22%
6,25%
37,14%
33,537123624

20.936
250.074
1,88
1,23%
6,21%
32,36%
33,588690439

21.491
250.037
1,88
1,23%
6,20%
33,83%
33,739652814

21.109
250.206
1,87
1,24%
6,22%
32,73%
33,750618833

20.811
250.136
1,88
1,23%
6,27%
35,44%
33,575018278

20.794
250.168
1,88
1,23%
6,25%
34,46%
33,663747689

19.730
250.083
1,88
1,23%
6,23%
34,29%
33,571957586

20.923
250.125
1,88
1,22%
6,26%
35,37%
33,800715539

21.691
250.106
1,88
1,23%
6,22%
34,64%
33,662854108

21.827
250.055
1,88
1,23%
6,27%
36,45%
33,679049141

20.571
250.026
1,88
1,22%
6,25%
37,14%
33,537123624

20.936
250.074
1,88
1,23%
6,21%
32,36%
33,588690439

21.491
250.037
1,88
1,23%
6,20%
33,83%
33,739652814

