2.498
277.989
1,88
1,34%
6,50%
32,50%
33,478489347

2.580
277.988
1,88
1,34%
6,46%
32,27%
33,662946851

2.574
277.989
1,88
1,33%
6,48%
31,07%
33,383690354

2.475
277.995
1,87
1,34%
6,46%
26,88%
33,562070547

2.559
277.977
1,88
1,33%
6,47%
31,51%
33,452338149

2.649
278.003
1,88
1,34%
6,47%
31,45%
33,457291120

2.519
277.985
1,88
1,33%
6,50%
31,78%
33,389694213

2.512
277.991
1,88
1,34%
6,48%
30,02%
33,479961256

2.676
278.003
1,88
1,34%
6,46%
32,01%
33,604766491

2.659
278.000
1,88
1,34%
6,44%
30,62%
33,454837353

2.498
277.989
1,88
1,34%
6,50%
32,50%
33,478489347

2.580
277.988
1,88
1,34%
6,46%
32,27%
33,662946851

2.574
277.989
1,88
1,33%
6,48%
31,07%
33,383690354

2.475
277.995
1,87
1,34%
6,46%
26,88%
33,562070547

2.559
277.977
1,88
1,33%
6,47%
31,51%
33,452338149

2.649
278.003
1,88
1,34%
6,47%
31,45%
33,457291120

2.519
277.985
1,88
1,33%
6,50%
31,78%
33,389694213

2.512
277.991
1,88
1,34%
6,48%
30,02%
33,479961256

2.676
278.003
1,88
1,34%
6,46%
32,01%
33,604766491

2.659
278.000
1,88
1,34%
6,44%
30,62%
33,454837353

2.498
277.989
1,88
1,34%
6,50%
32,50%
33,478489347

2.580
277.988
1,88
1,34%
6,46%
32,27%
33,662946851

2.574
277.989
1,88
1,33%
6,48%
31,07%
33,383690354

2.475
277.995
1,87
1,34%
6,46%
26,88%
33,562070547

2.559
277.977
1,88
1,33%
6,47%
31,51%
33,452338149

2.649
278.003
1,88
1,34%
6,47%
31,45%
33,457291120

2.519
277.985
1,88
1,33%
6,50%
31,78%
33,389694213

2.512
277.991
1,88
1,34%
6,48%
30,02%
33,479961256

2.676
278.003
1,88
1,34%
6,46%
32,01%
33,604766491

2.659
278.000
1,88
1,34%
6,44%
30,62%
33,454837353

2.498
277.989
1,88
1,34%
6,50%
32,50%
33,478489347

2.580
277.988
1,88
1,34%
6,46%
32,27%
33,662946851

2.574
277.989
1,88
1,33%
6,48%
31,07%
33,383690354

2.475
277.995
1,87
1,34%
6,46%
26,88%
33,562070547

2.559
277.977
1,88
1,33%
6,47%
31,51%
33,452338149

2.649
278.003
1,88
1,34%
6,47%
31,45%
33,457291120

2.519
277.985
1,88
1,33%
6,50%
31,78%
33,389694213

2.512
277.991
1,88
1,34%
6,48%
30,02%
33,479961256

2.676
278.003
1,88
1,34%
6,46%
32,01%
33,604766491

2.659
278.000
1,88
1,34%
6,44%
30,62%
33,454837353

2.498
277.989
1,88
1,34%
6,50%
32,50%
33,478489347

2.580
277.988
1,88
1,34%
6,46%
32,27%
33,662946851

2.574
277.989
1,88
1,33%
6,48%
31,07%
33,383690354

2.475
277.995
1,87
1,34%
6,46%
26,88%
33,562070547

2.559
277.977
1,88
1,33%
6,47%
31,51%
33,452338149

2.649
278.003
1,88
1,34%
6,47%
31,45%
33,457291120

2.519
277.985
1,88
1,33%
6,50%
31,78%
33,389694213

2.512
277.991
1,88
1,34%
6,48%
30,02%
33,479961256

2.676
278.003
1,88
1,34%
6,46%
32,01%
33,604766491

2.659
278.000
1,88
1,34%
6,44%
30,62%
33,454837353

2.498
277.989
1,88
1,34%
6,50%
32,50%
33,478489347

2.580
277.988
1,88
1,34%
6,46%
32,27%
33,662946851

2.574
277.989
1,88
1,33%
6,48%
31,07%
33,383690354

2.475
277.995
1,87
1,34%
6,46%
26,88%
33,562070547

2.559
277.977
1,88
1,33%
6,47%
31,51%
33,452338149

2.649
278.003
1,88
1,34%
6,47%
31,45%
33,457291120

2.519
277.985
1,88
1,33%
6,50%
31,78%
33,389694213

2.512
277.991
1,88
1,34%
6,48%
30,02%
33,479961256

2.676
278.003
1,88
1,34%
6,46%
32,01%
33,604766491

2.659
278.000
1,88
1,34%
6,44%
30,62%
33,454837353

2.498
277.989
1,88
1,34%
6,50%
32,50%
33,478489347

2.580
277.988
1,88
1,34%
6,46%
32,27%
33,662946851

2.574
277.989
1,88
1,33%
6,48%
31,07%
33,383690354

2.475
277.995
1,87
1,34%
6,46%
26,88%
33,562070547

2.559
277.977
1,88
1,33%
6,47%
31,51%
33,452338149

2.649
278.003
1,88
1,34%
6,47%
31,45%
33,457291120

2.519
277.985
1,88
1,33%
6,50%
31,78%
33,389694213

2.512
277.991
1,88
1,34%
6,48%
30,02%
33,479961256

2.676
278.003
1,88
1,34%
6,46%
32,01%
33,604766491

2.659
278.000
1,88
1,34%
6,44%
30,62%
33,454837353

