21.705
250.118
1,84
1,56%
6,30%
35,08%
34,209320801

21.331
250.052
1,85
1,54%
6,22%
35,35%
34,326399799

22.197
250.105
1,84
1,54%
6,22%
34,69%
34,437395330

22.733
250.065
1,85
1,54%
6,21%
37,13%
34,268814591

20.910
250.154
1,85
1,51%
6,22%
34,96%
34,456365991

21.011
250.100
1,84
1,52%
6,22%
29,18%
34,478005526

23.433
250.029
1,84
1,54%
6,23%
34,33%
34,300842723

21.328
250.102
1,84
1,55%
6,23%
33,75%
34,278974127

22.879
250.097
1,84
1,54%
6,23%
34,48%
34,261453416

22.015
250.101
1,84
1,54%
6,22%
33,71%
34,388459852

21.705
250.118
1,84
1,56%
6,30%
35,08%
34,209320801

21.331
250.052
1,85
1,54%
6,22%
35,35%
34,326399799

22.197
250.105
1,84
1,54%
6,22%
34,69%
34,437395330

22.733
250.065
1,85
1,54%
6,21%
37,13%
34,268814591

20.910
250.154
1,85
1,51%
6,22%
34,96%
34,456365991

21.011
250.100
1,84
1,52%
6,22%
29,18%
34,478005526

23.433
250.029
1,84
1,54%
6,23%
34,33%
34,300842723

21.328
250.102
1,84
1,55%
6,23%
33,75%
34,278974127

22.879
250.097
1,84
1,54%
6,23%
34,48%
34,261453416

22.015
250.101
1,84
1,54%
6,22%
33,71%
34,388459852

21.705
250.118
1,84
1,56%
6,30%
35,08%
34,209320801

21.331
250.052
1,85
1,54%
6,22%
35,35%
34,326399799

22.197
250.105
1,84
1,54%
6,22%
34,69%
34,437395330

22.733
250.065
1,85
1,54%
6,21%
37,13%
34,268814591

20.910
250.154
1,85
1,51%
6,22%
34,96%
34,456365991

21.011
250.100
1,84
1,52%
6,22%
29,18%
34,478005526

23.433
250.029
1,84
1,54%
6,23%
34,33%
34,300842723

21.328
250.102
1,84
1,55%
6,23%
33,75%
34,278974127

22.879
250.097
1,84
1,54%
6,23%
34,48%
34,261453416

22.015
250.101
1,84
1,54%
6,22%
33,71%
34,388459852

21.705
250.118
1,84
1,56%
6,30%
35,08%
34,209320801

21.331
250.052
1,85
1,54%
6,22%
35,35%
34,326399799

22.197
250.105
1,84
1,54%
6,22%
34,69%
34,437395330

22.733
250.065
1,85
1,54%
6,21%
37,13%
34,268814591

20.910
250.154
1,85
1,51%
6,22%
34,96%
34,456365991

21.011
250.100
1,84
1,52%
6,22%
29,18%
34,478005526

23.433
250.029
1,84
1,54%
6,23%
34,33%
34,300842723

21.328
250.102
1,84
1,55%
6,23%
33,75%
34,278974127

22.879
250.097
1,84
1,54%
6,23%
34,48%
34,261453416

22.015
250.101
1,84
1,54%
6,22%
33,71%
34,388459852

21.705
250.118
1,84
1,56%
6,30%
35,08%
34,209320801

21.331
250.052
1,85
1,54%
6,22%
35,35%
34,326399799

22.197
250.105
1,84
1,54%
6,22%
34,69%
34,437395330

22.733
250.065
1,85
1,54%
6,21%
37,13%
34,268814591

20.910
250.154
1,85
1,51%
6,22%
34,96%
34,456365991

21.011
250.100
1,84
1,52%
6,22%
29,18%
34,478005526

23.433
250.029
1,84
1,54%
6,23%
34,33%
34,300842723

21.328
250.102
1,84
1,55%
6,23%
33,75%
34,278974127

22.879
250.097
1,84
1,54%
6,23%
34,48%
34,261453416

22.015
250.101
1,84
1,54%
6,22%
33,71%
34,388459852

21.705
250.118
1,84
1,56%
6,30%
35,08%
34,209320801

21.331
250.052
1,85
1,54%
6,22%
35,35%
34,326399799

22.197
250.105
1,84
1,54%
6,22%
34,69%
34,437395330

22.733
250.065
1,85
1,54%
6,21%
37,13%
34,268814591

20.910
250.154
1,85
1,51%
6,22%
34,96%
34,456365991

21.011
250.100
1,84
1,52%
6,22%
29,18%
34,478005526

23.433
250.029
1,84
1,54%
6,23%
34,33%
34,300842723

21.328
250.102
1,84
1,55%
6,23%
33,75%
34,278974127

22.879
250.097
1,84
1,54%
6,23%
34,48%
34,261453416

22.015
250.101
1,84
1,54%
6,22%
33,71%
34,388459852

21.705
250.118
1,84
1,56%
6,30%
35,08%
34,209320801

21.331
250.052
1,85
1,54%
6,22%
35,35%
34,326399799

22.197
250.105
1,84
1,54%
6,22%
34,69%
34,437395330

22.733
250.065
1,85
1,54%
6,21%
37,13%
34,268814591

20.910
250.154
1,85
1,51%
6,22%
34,96%
34,456365991

21.011
250.100
1,84
1,52%
6,22%
29,18%
34,478005526

23.433
250.029
1,84
1,54%
6,23%
34,33%
34,300842723

21.328
250.102
1,84
1,55%
6,23%
33,75%
34,278974127

22.879
250.097
1,84
1,54%
6,23%
34,48%
34,261453416

22.015
250.101
1,84
1,54%
6,22%
33,71%
34,388459852

