638
319.014
1,86
1,67%
6,51%
29,02%
61,091280706

672
319.011
1,86
1,67%
6,51%
29,67%
61,060469343

562
319.007
1,86
1,68%
6,51%
29,69%
61,090944597

626
319.007
1,86
1,68%
6,52%
30,51%
60,942068086

692
319.010
1,86
1,67%
6,53%
26,49%
61,140332006

607
319.009
1,86
1,68%
6,52%
28,38%
61,097800960

591
319.009
1,86
1,67%
6,51%
29,66%
61,081970749

651
319.013
1,86
1,67%
6,51%
28,57%
61,048755041

613
319.008
1,86
1,68%
6,49%
28,99%
61,031987515

648
319.008
1,86
1,67%
6,50%
28,97%
60,972369637

638
319.014
1,86
1,67%
6,51%
29,02%
61,091280706

672
319.011
1,86
1,67%
6,51%
29,67%
61,060469343

562
319.007
1,86
1,68%
6,51%
29,69%
61,090944597

626
319.007
1,86
1,68%
6,52%
30,51%
60,942068086

692
319.010
1,86
1,67%
6,53%
26,49%
61,140332006

607
319.009
1,86
1,68%
6,52%
28,38%
61,097800960

591
319.009
1,86
1,67%
6,51%
29,66%
61,081970749

651
319.013
1,86
1,67%
6,51%
28,57%
61,048755041

613
319.008
1,86
1,68%
6,49%
28,99%
61,031987515

648
319.008
1,86
1,67%
6,50%
28,97%
60,972369637

638
319.014
1,86
1,67%
6,51%
29,02%
61,091280706

672
319.011
1,86
1,67%
6,51%
29,67%
61,060469343

562
319.007
1,86
1,68%
6,51%
29,69%
61,090944597

626
319.007
1,86
1,68%
6,52%
30,51%
60,942068086

692
319.010
1,86
1,67%
6,53%
26,49%
61,140332006

607
319.009
1,86
1,68%
6,52%
28,38%
61,097800960

591
319.009
1,86
1,67%
6,51%
29,66%
61,081970749

651
319.013
1,86
1,67%
6,51%
28,57%
61,048755041

613
319.008
1,86
1,68%
6,49%
28,99%
61,031987515

648
319.008
1,86
1,67%
6,50%
28,97%
60,972369637

638
319.014
1,86
1,67%
6,51%
29,02%
61,091280706

672
319.011
1,86
1,67%
6,51%
29,67%
61,060469343

562
319.007
1,86
1,68%
6,51%
29,69%
61,090944597

626
319.007
1,86
1,68%
6,52%
30,51%
60,942068086

692
319.010
1,86
1,67%
6,53%
26,49%
61,140332006

607
319.009
1,86
1,68%
6,52%
28,38%
61,097800960

591
319.009
1,86
1,67%
6,51%
29,66%
61,081970749

651
319.013
1,86
1,67%
6,51%
28,57%
61,048755041

613
319.008
1,86
1,68%
6,49%
28,99%
61,031987515

648
319.008
1,86
1,67%
6,50%
28,97%
60,972369637

638
319.014
1,86
1,67%
6,51%
29,02%
61,091280706

672
319.011
1,86
1,67%
6,51%
29,67%
61,060469343

562
319.007
1,86
1,68%
6,51%
29,69%
61,090944597

626
319.007
1,86
1,68%
6,52%
30,51%
60,942068086

692
319.010
1,86
1,67%
6,53%
26,49%
61,140332006

607
319.009
1,86
1,68%
6,52%
28,38%
61,097800960

591
319.009
1,86
1,67%
6,51%
29,66%
61,081970749

651
319.013
1,86
1,67%
6,51%
28,57%
61,048755041

613
319.008
1,86
1,68%
6,49%
28,99%
61,031987515

648
319.008
1,86
1,67%
6,50%
28,97%
60,972369637

638
319.014
1,86
1,67%
6,51%
29,02%
61,091280706

672
319.011
1,86
1,67%
6,51%
29,67%
61,060469343

562
319.007
1,86
1,68%
6,51%
29,69%
61,090944597

626
319.007
1,86
1,68%
6,52%
30,51%
60,942068086

692
319.010
1,86
1,67%
6,53%
26,49%
61,140332006

607
319.009
1,86
1,68%
6,52%
28,38%
61,097800960

591
319.009
1,86
1,67%
6,51%
29,66%
61,081970749

651
319.013
1,86
1,67%
6,51%
28,57%
61,048755041

613
319.008
1,86
1,68%
6,49%
28,99%
61,031987515

648
319.008
1,86
1,67%
6,50%
28,97%
60,972369637

638
319.014
1,86
1,67%
6,51%
29,02%
61,091280706

672
319.011
1,86
1,67%
6,51%
29,67%
61,060469343

562
319.007
1,86
1,68%
6,51%
29,69%
61,090944597

626
319.007
1,86
1,68%
6,52%
30,51%
60,942068086

692
319.010
1,86
1,67%
6,53%
26,49%
61,140332006

607
319.009
1,86
1,68%
6,52%
28,38%
61,097800960

591
319.009
1,86
1,67%
6,51%
29,66%
61,081970749

651
319.013
1,86
1,67%
6,51%
28,57%
61,048755041

613
319.008
1,86
1,68%
6,49%
28,99%
61,031987515

648
319.008
1,86
1,67%
6,50%
28,97%
60,972369637

