2.380
278.003
1,85
1,67%
6,46%
30,33%
34,044587996

2.477
277.990
1,85
1,67%
6,49%
31,76%
34,082043742

2.313
277.990
1,85
1,67%
6,47%
28,13%
34,056508795

2.333
278.006
1,85
1,68%
6,46%
32,58%
34,074849195

2.590
277.994
1,84
1,67%
6,48%
27,42%
34,109724097

2.304
277.993
1,85
1,67%
6,52%
32,05%
34,019971995

2.504
277.983
1,85
1,67%
6,48%
33,42%
34,034006649

2.502
278.003
1,85
1,67%
6,46%
32,44%
34,047028414

2.437
277.999
1,85
1,67%
6,48%
29,66%
34,020812239

2.480
277.997
1,85
1,68%
6,47%
32,82%
34,019187755

2.380
278.003
1,85
1,67%
6,46%
30,33%
34,044587996

2.477
277.990
1,85
1,67%
6,49%
31,76%
34,082043742

2.313
277.990
1,85
1,67%
6,47%
28,13%
34,056508795

2.333
278.006
1,85
1,68%
6,46%
32,58%
34,074849195

2.590
277.994
1,84
1,67%
6,48%
27,42%
34,109724097

2.304
277.993
1,85
1,67%
6,52%
32,05%
34,019971995

2.504
277.983
1,85
1,67%
6,48%
33,42%
34,034006649

2.502
278.003
1,85
1,67%
6,46%
32,44%
34,047028414

2.437
277.999
1,85
1,67%
6,48%
29,66%
34,020812239

2.480
277.997
1,85
1,68%
6,47%
32,82%
34,019187755

2.380
278.003
1,85
1,67%
6,46%
30,33%
34,044587996

2.477
277.990
1,85
1,67%
6,49%
31,76%
34,082043742

2.313
277.990
1,85
1,67%
6,47%
28,13%
34,056508795

2.333
278.006
1,85
1,68%
6,46%
32,58%
34,074849195

2.590
277.994
1,84
1,67%
6,48%
27,42%
34,109724097

2.304
277.993
1,85
1,67%
6,52%
32,05%
34,019971995

2.504
277.983
1,85
1,67%
6,48%
33,42%
34,034006649

2.502
278.003
1,85
1,67%
6,46%
32,44%
34,047028414

2.437
277.999
1,85
1,67%
6,48%
29,66%
34,020812239

2.480
277.997
1,85
1,68%
6,47%
32,82%
34,019187755

2.380
278.003
1,85
1,67%
6,46%
30,33%
34,044587996

2.477
277.990
1,85
1,67%
6,49%
31,76%
34,082043742

2.313
277.990
1,85
1,67%
6,47%
28,13%
34,056508795

2.333
278.006
1,85
1,68%
6,46%
32,58%
34,074849195

2.590
277.994
1,84
1,67%
6,48%
27,42%
34,109724097

2.304
277.993
1,85
1,67%
6,52%
32,05%
34,019971995

2.504
277.983
1,85
1,67%
6,48%
33,42%
34,034006649

2.502
278.003
1,85
1,67%
6,46%
32,44%
34,047028414

2.437
277.999
1,85
1,67%
6,48%
29,66%
34,020812239

2.480
277.997
1,85
1,68%
6,47%
32,82%
34,019187755

2.380
278.003
1,85
1,67%
6,46%
30,33%
34,044587996

2.477
277.990
1,85
1,67%
6,49%
31,76%
34,082043742

2.313
277.990
1,85
1,67%
6,47%
28,13%
34,056508795

2.333
278.006
1,85
1,68%
6,46%
32,58%
34,074849195

2.590
277.994
1,84
1,67%
6,48%
27,42%
34,109724097

2.304
277.993
1,85
1,67%
6,52%
32,05%
34,019971995

2.504
277.983
1,85
1,67%
6,48%
33,42%
34,034006649

2.502
278.003
1,85
1,67%
6,46%
32,44%
34,047028414

2.437
277.999
1,85
1,67%
6,48%
29,66%
34,020812239

2.480
277.997
1,85
1,68%
6,47%
32,82%
34,019187755

2.380
278.003
1,85
1,67%
6,46%
30,33%
34,044587996

2.477
277.990
1,85
1,67%
6,49%
31,76%
34,082043742

2.313
277.990
1,85
1,67%
6,47%
28,13%
34,056508795

2.333
278.006
1,85
1,68%
6,46%
32,58%
34,074849195

2.590
277.994
1,84
1,67%
6,48%
27,42%
34,109724097

2.304
277.993
1,85
1,67%
6,52%
32,05%
34,019971995

2.504
277.983
1,85
1,67%
6,48%
33,42%
34,034006649

2.502
278.003
1,85
1,67%
6,46%
32,44%
34,047028414

2.437
277.999
1,85
1,67%
6,48%
29,66%
34,020812239

2.480
277.997
1,85
1,68%
6,47%
32,82%
34,019187755

2.380
278.003
1,85
1,67%
6,46%
30,33%
34,044587996

2.477
277.990
1,85
1,67%
6,49%
31,76%
34,082043742

2.313
277.990
1,85
1,67%
6,47%
28,13%
34,056508795

2.333
278.006
1,85
1,68%
6,46%
32,58%
34,074849195

2.590
277.994
1,84
1,67%
6,48%
27,42%
34,109724097

2.304
277.993
1,85
1,67%
6,52%
32,05%
34,019971995

2.504
277.983
1,85
1,67%
6,48%
33,42%
34,034006649

2.502
278.003
1,85
1,67%
6,46%
32,44%
34,047028414

2.437
277.999
1,85
1,67%
6,48%
29,66%
34,020812239

2.480
277.997
1,85
1,68%
6,47%
32,82%
34,019187755

