12.120
259.573
1,84
1,61%
6,44%
33,99%
34,263813929

12.984
259.554
1,84
1,61%
6,42%
29,22%
34,166890738

13.458
259.604
1,84
1,61%
6,43%
34,38%
34,010785372

12.982
259.553
1,85
1,60%
6,37%
33,28%
34,144818636

12.758
259.518
1,84
1,59%
6,41%
31,46%
34,063774850

13.027
259.569
1,84
1,59%
6,41%
31,36%
34,095532747

13.160
259.540
1,84
1,59%
6,40%
31,93%
34,187073041

13.422
259.547
1,84
1,59%
6,43%
33,09%
34,159811004

13.352
259.577
1,85
1,59%
6,40%
34,61%
34,036429267

12.804
259.561
1,84
1,62%
6,41%
31,56%
34,104626015

12.120
259.573
1,84
1,61%
6,44%
33,99%
34,263813929

12.984
259.554
1,84
1,61%
6,42%
29,22%
34,166890738

13.458
259.604
1,84
1,61%
6,43%
34,38%
34,010785372

12.982
259.553
1,85
1,60%
6,37%
33,28%
34,144818636

12.758
259.518
1,84
1,59%
6,41%
31,46%
34,063774850

13.027
259.569
1,84
1,59%
6,41%
31,36%
34,095532747

13.160
259.540
1,84
1,59%
6,40%
31,93%
34,187073041

13.422
259.547
1,84
1,59%
6,43%
33,09%
34,159811004

13.352
259.577
1,85
1,59%
6,40%
34,61%
34,036429267

12.804
259.561
1,84
1,62%
6,41%
31,56%
34,104626015

12.120
259.573
1,84
1,61%
6,44%
33,99%
34,263813929

12.984
259.554
1,84
1,61%
6,42%
29,22%
34,166890738

13.458
259.604
1,84
1,61%
6,43%
34,38%
34,010785372

12.982
259.553
1,85
1,60%
6,37%
33,28%
34,144818636

12.758
259.518
1,84
1,59%
6,41%
31,46%
34,063774850

13.027
259.569
1,84
1,59%
6,41%
31,36%
34,095532747

13.160
259.540
1,84
1,59%
6,40%
31,93%
34,187073041

13.422
259.547
1,84
1,59%
6,43%
33,09%
34,159811004

13.352
259.577
1,85
1,59%
6,40%
34,61%
34,036429267

12.804
259.561
1,84
1,62%
6,41%
31,56%
34,104626015

12.120
259.573
1,84
1,61%
6,44%
33,99%
34,263813929

12.984
259.554
1,84
1,61%
6,42%
29,22%
34,166890738

13.458
259.604
1,84
1,61%
6,43%
34,38%
34,010785372

12.982
259.553
1,85
1,60%
6,37%
33,28%
34,144818636

12.758
259.518
1,84
1,59%
6,41%
31,46%
34,063774850

13.027
259.569
1,84
1,59%
6,41%
31,36%
34,095532747

13.160
259.540
1,84
1,59%
6,40%
31,93%
34,187073041

13.422
259.547
1,84
1,59%
6,43%
33,09%
34,159811004

13.352
259.577
1,85
1,59%
6,40%
34,61%
34,036429267

12.804
259.561
1,84
1,62%
6,41%
31,56%
34,104626015

12.120
259.573
1,84
1,61%
6,44%
33,99%
34,263813929

12.984
259.554
1,84
1,61%
6,42%
29,22%
34,166890738

13.458
259.604
1,84
1,61%
6,43%
34,38%
34,010785372

12.982
259.553
1,85
1,60%
6,37%
33,28%
34,144818636

12.758
259.518
1,84
1,59%
6,41%
31,46%
34,063774850

13.027
259.569
1,84
1,59%
6,41%
31,36%
34,095532747

13.160
259.540
1,84
1,59%
6,40%
31,93%
34,187073041

13.422
259.547
1,84
1,59%
6,43%
33,09%
34,159811004

13.352
259.577
1,85
1,59%
6,40%
34,61%
34,036429267

12.804
259.561
1,84
1,62%
6,41%
31,56%
34,104626015

12.120
259.573
1,84
1,61%
6,44%
33,99%
34,263813929

12.984
259.554
1,84
1,61%
6,42%
29,22%
34,166890738

13.458
259.604
1,84
1,61%
6,43%
34,38%
34,010785372

12.982
259.553
1,85
1,60%
6,37%
33,28%
34,144818636

12.758
259.518
1,84
1,59%
6,41%
31,46%
34,063774850

13.027
259.569
1,84
1,59%
6,41%
31,36%
34,095532747

13.160
259.540
1,84
1,59%
6,40%
31,93%
34,187073041

13.422
259.547
1,84
1,59%
6,43%
33,09%
34,159811004

13.352
259.577
1,85
1,59%
6,40%
34,61%
34,036429267

12.804
259.561
1,84
1,62%
6,41%
31,56%
34,104626015

12.120
259.573
1,84
1,61%
6,44%
33,99%
34,263813929

12.984
259.554
1,84
1,61%
6,42%
29,22%
34,166890738

13.458
259.604
1,84
1,61%
6,43%
34,38%
34,010785372

12.982
259.553
1,85
1,60%
6,37%
33,28%
34,144818636

12.758
259.518
1,84
1,59%
6,41%
31,46%
34,063774850

13.027
259.569
1,84
1,59%
6,41%
31,36%
34,095532747

13.160
259.540
1,84
1,59%
6,40%
31,93%
34,187073041

13.422
259.547
1,84
1,59%
6,43%
33,09%
34,159811004

13.352
259.577
1,85
1,59%
6,40%
34,61%
34,036429267

12.804
259.561
1,84
1,62%
6,41%
31,56%
34,104626015

