17.752
250.140
1,81
1,27%
6,29%
33,61%
34,656331214

19.069
249.894
1,81
1,25%
6,27%
36,33%
34,938148748

19.042
250.150
1,81
1,25%
6,26%
35,52%
34,759251261

18.929
250.222
1,81
1,25%
6,24%
34,97%
34,856723206

18.373
249.880
1,81
1,24%
6,22%
35,70%
34,842097708

19.340
250.130
1,80
1,25%
6,23%
29,77%
34,678351037

17.543
250.319
1,81
1,26%
6,25%
34,90%
34,613223814

17.494
250.164
1,81
1,24%
6,26%
35,81%
34,818899762

17.263
250.108
1,81
1,26%
6,26%
34,23%
34,775636223

17.589
250.149
1,80
1,26%
6,30%
32,30%
34,840619489

17.752
250.140
1,81
1,27%
6,29%
33,61%
34,656331214

19.069
249.894
1,81
1,25%
6,27%
36,33%
34,938148748

19.042
250.150
1,81
1,25%
6,26%
35,52%
34,759251261

18.929
250.222
1,81
1,25%
6,24%
34,97%
34,856723206

18.373
249.880
1,81
1,24%
6,22%
35,70%
34,842097708

19.340
250.130
1,80
1,25%
6,23%
29,77%
34,678351037

17.543
250.319
1,81
1,26%
6,25%
34,90%
34,613223814

17.494
250.164
1,81
1,24%
6,26%
35,81%
34,818899762

17.263
250.108
1,81
1,26%
6,26%
34,23%
34,775636223

17.589
250.149
1,80
1,26%
6,30%
32,30%
34,840619489

17.752
250.140
1,81
1,27%
6,29%
33,61%
34,656331214

19.069
249.894
1,81
1,25%
6,27%
36,33%
34,938148748

19.042
250.150
1,81
1,25%
6,26%
35,52%
34,759251261

18.929
250.222
1,81
1,25%
6,24%
34,97%
34,856723206

18.373
249.880
1,81
1,24%
6,22%
35,70%
34,842097708

19.340
250.130
1,80
1,25%
6,23%
29,77%
34,678351037

17.543
250.319
1,81
1,26%
6,25%
34,90%
34,613223814

17.494
250.164
1,81
1,24%
6,26%
35,81%
34,818899762

17.263
250.108
1,81
1,26%
6,26%
34,23%
34,775636223

17.589
250.149
1,80
1,26%
6,30%
32,30%
34,840619489

17.752
250.140
1,81
1,27%
6,29%
33,61%
34,656331214

19.069
249.894
1,81
1,25%
6,27%
36,33%
34,938148748

19.042
250.150
1,81
1,25%
6,26%
35,52%
34,759251261

18.929
250.222
1,81
1,25%
6,24%
34,97%
34,856723206

18.373
249.880
1,81
1,24%
6,22%
35,70%
34,842097708

19.340
250.130
1,80
1,25%
6,23%
29,77%
34,678351037

17.543
250.319
1,81
1,26%
6,25%
34,90%
34,613223814

17.494
250.164
1,81
1,24%
6,26%
35,81%
34,818899762

17.263
250.108
1,81
1,26%
6,26%
34,23%
34,775636223

17.589
250.149
1,80
1,26%
6,30%
32,30%
34,840619489

17.752
250.140
1,81
1,27%
6,29%
33,61%
34,656331214

19.069
249.894
1,81
1,25%
6,27%
36,33%
34,938148748

19.042
250.150
1,81
1,25%
6,26%
35,52%
34,759251261

18.929
250.222
1,81
1,25%
6,24%
34,97%
34,856723206

18.373
249.880
1,81
1,24%
6,22%
35,70%
34,842097708

19.340
250.130
1,80
1,25%
6,23%
29,77%
34,678351037

17.543
250.319
1,81
1,26%
6,25%
34,90%
34,613223814

17.494
250.164
1,81
1,24%
6,26%
35,81%
34,818899762

17.263
250.108
1,81
1,26%
6,26%
34,23%
34,775636223

17.589
250.149
1,80
1,26%
6,30%
32,30%
34,840619489

17.752
250.140
1,81
1,27%
6,29%
33,61%
34,656331214

19.069
249.894
1,81
1,25%
6,27%
36,33%
34,938148748

19.042
250.150
1,81
1,25%
6,26%
35,52%
34,759251261

18.929
250.222
1,81
1,25%
6,24%
34,97%
34,856723206

18.373
249.880
1,81
1,24%
6,22%
35,70%
34,842097708

19.340
250.130
1,80
1,25%
6,23%
29,77%
34,678351037

17.543
250.319
1,81
1,26%
6,25%
34,90%
34,613223814

17.494
250.164
1,81
1,24%
6,26%
35,81%
34,818899762

17.263
250.108
1,81
1,26%
6,26%
34,23%
34,775636223

17.589
250.149
1,80
1,26%
6,30%
32,30%
34,840619489

17.752
250.140
1,81
1,27%
6,29%
33,61%
34,656331214

19.069
249.894
1,81
1,25%
6,27%
36,33%
34,938148748

19.042
250.150
1,81
1,25%
6,26%
35,52%
34,759251261

18.929
250.222
1,81
1,25%
6,24%
34,97%
34,856723206

18.373
249.880
1,81
1,24%
6,22%
35,70%
34,842097708

19.340
250.130
1,80
1,25%
6,23%
29,77%
34,678351037

17.543
250.319
1,81
1,26%
6,25%
34,90%
34,613223814

17.494
250.164
1,81
1,24%
6,26%
35,81%
34,818899762

17.263
250.108
1,81
1,26%
6,26%
34,23%
34,775636223

17.589
250.149
1,80
1,26%
6,30%
32,30%
34,840619489

