10.331
259.508
1,83
1,31%
6,41%
31,72%
33,952499201

10.247
259.469
1,84
1,30%
6,41%
31,36%
34,091478534

10.337
259.544
1,84
1,30%
6,42%
33,05%
34,007371469

9.883
259.616
1,84
1,31%
6,42%
33,26%
34,036297464

10.479
259.574
1,84
1,29%
6,44%
32,81%
34,090825884

10.027
259.474
1,84
1,30%
6,41%
34,49%
34,054764045

10.203
259.510
1,83
1,30%
6,44%
34,73%
34,240631316

10.432
259.520
1,85
1,30%
6,40%
35,83%
33,953294352

10.452
259.487
1,84
1,29%
6,37%
34,05%
34,084887001

10.341
259.505
1,84
1,30%
6,40%
33,00%
33,880978748

10.331
259.508
1,83
1,31%
6,41%
31,72%
33,952499201

10.247
259.469
1,84
1,30%
6,41%
31,36%
34,091478534

10.337
259.544
1,84
1,30%
6,42%
33,05%
34,007371469

9.883
259.616
1,84
1,31%
6,42%
33,26%
34,036297464

10.479
259.574
1,84
1,29%
6,44%
32,81%
34,090825884

10.027
259.474
1,84
1,30%
6,41%
34,49%
34,054764045

10.203
259.510
1,83
1,30%
6,44%
34,73%
34,240631316

10.432
259.520
1,85
1,30%
6,40%
35,83%
33,953294352

10.452
259.487
1,84
1,29%
6,37%
34,05%
34,084887001

10.341
259.505
1,84
1,30%
6,40%
33,00%
33,880978748

10.331
259.508
1,83
1,31%
6,41%
31,72%
33,952499201

10.247
259.469
1,84
1,30%
6,41%
31,36%
34,091478534

10.337
259.544
1,84
1,30%
6,42%
33,05%
34,007371469

9.883
259.616
1,84
1,31%
6,42%
33,26%
34,036297464

10.479
259.574
1,84
1,29%
6,44%
32,81%
34,090825884

10.027
259.474
1,84
1,30%
6,41%
34,49%
34,054764045

10.203
259.510
1,83
1,30%
6,44%
34,73%
34,240631316

10.432
259.520
1,85
1,30%
6,40%
35,83%
33,953294352

10.452
259.487
1,84
1,29%
6,37%
34,05%
34,084887001

10.341
259.505
1,84
1,30%
6,40%
33,00%
33,880978748

10.331
259.508
1,83
1,31%
6,41%
31,72%
33,952499201

10.247
259.469
1,84
1,30%
6,41%
31,36%
34,091478534

10.337
259.544
1,84
1,30%
6,42%
33,05%
34,007371469

9.883
259.616
1,84
1,31%
6,42%
33,26%
34,036297464

10.479
259.574
1,84
1,29%
6,44%
32,81%
34,090825884

10.027
259.474
1,84
1,30%
6,41%
34,49%
34,054764045

10.203
259.510
1,83
1,30%
6,44%
34,73%
34,240631316

10.432
259.520
1,85
1,30%
6,40%
35,83%
33,953294352

10.452
259.487
1,84
1,29%
6,37%
34,05%
34,084887001

10.341
259.505
1,84
1,30%
6,40%
33,00%
33,880978748

10.331
259.508
1,83
1,31%
6,41%
31,72%
33,952499201

10.247
259.469
1,84
1,30%
6,41%
31,36%
34,091478534

10.337
259.544
1,84
1,30%
6,42%
33,05%
34,007371469

9.883
259.616
1,84
1,31%
6,42%
33,26%
34,036297464

10.479
259.574
1,84
1,29%
6,44%
32,81%
34,090825884

10.027
259.474
1,84
1,30%
6,41%
34,49%
34,054764045

10.203
259.510
1,83
1,30%
6,44%
34,73%
34,240631316

10.432
259.520
1,85
1,30%
6,40%
35,83%
33,953294352

10.452
259.487
1,84
1,29%
6,37%
34,05%
34,084887001

10.341
259.505
1,84
1,30%
6,40%
33,00%
33,880978748

10.331
259.508
1,83
1,31%
6,41%
31,72%
33,952499201

10.247
259.469
1,84
1,30%
6,41%
31,36%
34,091478534

10.337
259.544
1,84
1,30%
6,42%
33,05%
34,007371469

9.883
259.616
1,84
1,31%
6,42%
33,26%
34,036297464

10.479
259.574
1,84
1,29%
6,44%
32,81%
34,090825884

10.027
259.474
1,84
1,30%
6,41%
34,49%
34,054764045

10.203
259.510
1,83
1,30%
6,44%
34,73%
34,240631316

10.432
259.520
1,85
1,30%
6,40%
35,83%
33,953294352

10.452
259.487
1,84
1,29%
6,37%
34,05%
34,084887001

10.341
259.505
1,84
1,30%
6,40%
33,00%
33,880978748

10.331
259.508
1,83
1,31%
6,41%
31,72%
33,952499201

10.247
259.469
1,84
1,30%
6,41%
31,36%
34,091478534

10.337
259.544
1,84
1,30%
6,42%
33,05%
34,007371469

9.883
259.616
1,84
1,31%
6,42%
33,26%
34,036297464

10.479
259.574
1,84
1,29%
6,44%
32,81%
34,090825884

10.027
259.474
1,84
1,30%
6,41%
34,49%
34,054764045

10.203
259.510
1,83
1,30%
6,44%
34,73%
34,240631316

10.432
259.520
1,85
1,30%
6,40%
35,83%
33,953294352

10.452
259.487
1,84
1,29%
6,37%
34,05%
34,084887001

10.341
259.505
1,84
1,30%
6,40%
33,00%
33,880978748

