144
318.993
1,90
1,34%
6,49%
30,54%
59,871845248

77
318.988
1,90
1,34%
6,49%
29,46%
59,797552865

94
318.990
1,90
1,34%
6,51%
29,45%
59,798299818

93
318.990
1,90
1,35%
6,47%
30,93%
59,839283593

133
318.988
1,90
1,35%
6,48%
30,45%
59,865443235

128
318.988
1,90
1,34%
6,49%
29,44%
59,922482482

71
318.989
1,90
1,35%
6,49%
29,42%
59,905086853

169
318.993
1,90
1,34%
6,49%
30,13%
59,808063686

97
318.989
1,90
1,34%
6,50%
31,19%
59,715497468

155
318.991
1,90
1,35%
6,47%
26,84%
59,966694302

144
318.993
1,90
1,34%
6,49%
30,54%
59,871845248

77
318.988
1,90
1,34%
6,49%
29,46%
59,797552865

94
318.990
1,90
1,34%
6,51%
29,45%
59,798299818

93
318.990
1,90
1,35%
6,47%
30,93%
59,839283593

133
318.988
1,90
1,35%
6,48%
30,45%
59,865443235

128
318.988
1,90
1,34%
6,49%
29,44%
59,922482482

71
318.989
1,90
1,35%
6,49%
29,42%
59,905086853

169
318.993
1,90
1,34%
6,49%
30,13%
59,808063686

97
318.989
1,90
1,34%
6,50%
31,19%
59,715497468

155
318.991
1,90
1,35%
6,47%
26,84%
59,966694302

144
318.993
1,90
1,34%
6,49%
30,54%
59,871845248

77
318.988
1,90
1,34%
6,49%
29,46%
59,797552865

94
318.990
1,90
1,34%
6,51%
29,45%
59,798299818

93
318.990
1,90
1,35%
6,47%
30,93%
59,839283593

133
318.988
1,90
1,35%
6,48%
30,45%
59,865443235

128
318.988
1,90
1,34%
6,49%
29,44%
59,922482482

71
318.989
1,90
1,35%
6,49%
29,42%
59,905086853

169
318.993
1,90
1,34%
6,49%
30,13%
59,808063686

97
318.989
1,90
1,34%
6,50%
31,19%
59,715497468

155
318.991
1,90
1,35%
6,47%
26,84%
59,966694302

144
318.993
1,90
1,34%
6,49%
30,54%
59,871845248

77
318.988
1,90
1,34%
6,49%
29,46%
59,797552865

94
318.990
1,90
1,34%
6,51%
29,45%
59,798299818

93
318.990
1,90
1,35%
6,47%
30,93%
59,839283593

133
318.988
1,90
1,35%
6,48%
30,45%
59,865443235

128
318.988
1,90
1,34%
6,49%
29,44%
59,922482482

71
318.989
1,90
1,35%
6,49%
29,42%
59,905086853

169
318.993
1,90
1,34%
6,49%
30,13%
59,808063686

97
318.989
1,90
1,34%
6,50%
31,19%
59,715497468

155
318.991
1,90
1,35%
6,47%
26,84%
59,966694302

144
318.993
1,90
1,34%
6,49%
30,54%
59,871845248

77
318.988
1,90
1,34%
6,49%
29,46%
59,797552865

94
318.990
1,90
1,34%
6,51%
29,45%
59,798299818

93
318.990
1,90
1,35%
6,47%
30,93%
59,839283593

133
318.988
1,90
1,35%
6,48%
30,45%
59,865443235

128
318.988
1,90
1,34%
6,49%
29,44%
59,922482482

71
318.989
1,90
1,35%
6,49%
29,42%
59,905086853

169
318.993
1,90
1,34%
6,49%
30,13%
59,808063686

97
318.989
1,90
1,34%
6,50%
31,19%
59,715497468

155
318.991
1,90
1,35%
6,47%
26,84%
59,966694302

144
318.993
1,90
1,34%
6,49%
30,54%
59,871845248

77
318.988
1,90
1,34%
6,49%
29,46%
59,797552865

94
318.990
1,90
1,34%
6,51%
29,45%
59,798299818

93
318.990
1,90
1,35%
6,47%
30,93%
59,839283593

133
318.988
1,90
1,35%
6,48%
30,45%
59,865443235

128
318.988
1,90
1,34%
6,49%
29,44%
59,922482482

71
318.989
1,90
1,35%
6,49%
29,42%
59,905086853

169
318.993
1,90
1,34%
6,49%
30,13%
59,808063686

97
318.989
1,90
1,34%
6,50%
31,19%
59,715497468

155
318.991
1,90
1,35%
6,47%
26,84%
59,966694302

144
318.993
1,90
1,34%
6,49%
30,54%
59,871845248

77
318.988
1,90
1,34%
6,49%
29,46%
59,797552865

94
318.990
1,90
1,34%
6,51%
29,45%
59,798299818

93
318.990
1,90
1,35%
6,47%
30,93%
59,839283593

133
318.988
1,90
1,35%
6,48%
30,45%
59,865443235

128
318.988
1,90
1,34%
6,49%
29,44%
59,922482482

71
318.989
1,90
1,35%
6,49%
29,42%
59,905086853

169
318.993
1,90
1,34%
6,49%
30,13%
59,808063686

97
318.989
1,90
1,34%
6,50%
31,19%
59,715497468

155
318.991
1,90
1,35%
6,47%
26,84%
59,966694302

