553
277.990
1,88
1,35%
6,46%
32,21%
33,353931387

576
277.975
1,89
1,34%
6,47%
32,98%
33,441836330

600
277.952
1,88
1,35%
6,49%
31,42%
33,437201525

596
278.000
1,88
1,34%
6,47%
30,92%
33,641706146

550
277.972
1,88
1,34%
6,47%
30,43%
33,474342895

613
277.971
1,88
1,34%
6,47%
31,40%
33,412327217

582
277.971
1,88
1,35%
6,46%
30,63%
33,463017579

668
277.979
1,88
1,35%
6,47%
33,05%
33,394564949

611
277.972
1,88
1,35%
6,48%
32,86%
33,413715208

543
277.986
1,88
1,34%
6,46%
32,03%
33,398773028

553
277.990
1,88
1,35%
6,46%
32,21%
33,353931387

576
277.975
1,89
1,34%
6,47%
32,98%
33,441836330

600
277.952
1,88
1,35%
6,49%
31,42%
33,437201525

596
278.000
1,88
1,34%
6,47%
30,92%
33,641706146

550
277.972
1,88
1,34%
6,47%
30,43%
33,474342895

613
277.971
1,88
1,34%
6,47%
31,40%
33,412327217

582
277.971
1,88
1,35%
6,46%
30,63%
33,463017579

668
277.979
1,88
1,35%
6,47%
33,05%
33,394564949

611
277.972
1,88
1,35%
6,48%
32,86%
33,413715208

543
277.986
1,88
1,34%
6,46%
32,03%
33,398773028

553
277.990
1,88
1,35%
6,46%
32,21%
33,353931387

576
277.975
1,89
1,34%
6,47%
32,98%
33,441836330

600
277.952
1,88
1,35%
6,49%
31,42%
33,437201525

596
278.000
1,88
1,34%
6,47%
30,92%
33,641706146

550
277.972
1,88
1,34%
6,47%
30,43%
33,474342895

613
277.971
1,88
1,34%
6,47%
31,40%
33,412327217

582
277.971
1,88
1,35%
6,46%
30,63%
33,463017579

668
277.979
1,88
1,35%
6,47%
33,05%
33,394564949

611
277.972
1,88
1,35%
6,48%
32,86%
33,413715208

543
277.986
1,88
1,34%
6,46%
32,03%
33,398773028

553
277.990
1,88
1,35%
6,46%
32,21%
33,353931387

576
277.975
1,89
1,34%
6,47%
32,98%
33,441836330

600
277.952
1,88
1,35%
6,49%
31,42%
33,437201525

596
278.000
1,88
1,34%
6,47%
30,92%
33,641706146

550
277.972
1,88
1,34%
6,47%
30,43%
33,474342895

613
277.971
1,88
1,34%
6,47%
31,40%
33,412327217

582
277.971
1,88
1,35%
6,46%
30,63%
33,463017579

668
277.979
1,88
1,35%
6,47%
33,05%
33,394564949

611
277.972
1,88
1,35%
6,48%
32,86%
33,413715208

543
277.986
1,88
1,34%
6,46%
32,03%
33,398773028

553
277.990
1,88
1,35%
6,46%
32,21%
33,353931387

576
277.975
1,89
1,34%
6,47%
32,98%
33,441836330

600
277.952
1,88
1,35%
6,49%
31,42%
33,437201525

596
278.000
1,88
1,34%
6,47%
30,92%
33,641706146

550
277.972
1,88
1,34%
6,47%
30,43%
33,474342895

613
277.971
1,88
1,34%
6,47%
31,40%
33,412327217

582
277.971
1,88
1,35%
6,46%
30,63%
33,463017579

668
277.979
1,88
1,35%
6,47%
33,05%
33,394564949

611
277.972
1,88
1,35%
6,48%
32,86%
33,413715208

543
277.986
1,88
1,34%
6,46%
32,03%
33,398773028

553
277.990
1,88
1,35%
6,46%
32,21%
33,353931387

576
277.975
1,89
1,34%
6,47%
32,98%
33,441836330

600
277.952
1,88
1,35%
6,49%
31,42%
33,437201525

596
278.000
1,88
1,34%
6,47%
30,92%
33,641706146

550
277.972
1,88
1,34%
6,47%
30,43%
33,474342895

613
277.971
1,88
1,34%
6,47%
31,40%
33,412327217

582
277.971
1,88
1,35%
6,46%
30,63%
33,463017579

668
277.979
1,88
1,35%
6,47%
33,05%
33,394564949

611
277.972
1,88
1,35%
6,48%
32,86%
33,413715208

543
277.986
1,88
1,34%
6,46%
32,03%
33,398773028

553
277.990
1,88
1,35%
6,46%
32,21%
33,353931387

576
277.975
1,89
1,34%
6,47%
32,98%
33,441836330

600
277.952
1,88
1,35%
6,49%
31,42%
33,437201525

596
278.000
1,88
1,34%
6,47%
30,92%
33,641706146

550
277.972
1,88
1,34%
6,47%
30,43%
33,474342895

613
277.971
1,88
1,34%
6,47%
31,40%
33,412327217

582
277.971
1,88
1,35%
6,46%
30,63%
33,463017579

668
277.979
1,88
1,35%
6,47%
33,05%
33,394564949

611
277.972
1,88
1,35%
6,48%
32,86%
33,413715208

543
277.986
1,88
1,34%
6,46%
32,03%
33,398773028

