9804022
0.54

10530676
0.56

10151426
0.55

10571590
0.56

10005350
0.55

10495499
0.56

9763234
0.54

10513623
0.56

9989916
0.54

10467360
0.56
9804022
0,54

10530676
0,56

10151426
0,55

10571590
0,56

10005350
0,55

10495499
0,56

9763234
0,54

10513623
0,56

9989916
0,54

10467360
0,56

9804022
0,54

10530676
0,56

10151426
0,55

10571590
0,56

10005350
0,55

10495499
0,56

9763234
0,54

10513623
0,56

9989916
0,54

10467360
0,56

9804022
0,54

10530676
0,56

10151426
0,55

10571590
0,56

10005350
0,55

10495499
0,56

9763234
0,54

10513623
0,56

9989916
0,54

10467360
0,56

9804022
0,54

10530676
0,56

10151426
0,55

10571590
0,56

10005350
0,55

10495499
0,56

9763234
0,54

10513623
0,56

9989916
0,54

10467360
0,56

9804022
0,54

10530676
0,56

10151426
0,55

10571590
0,56

10005350
0,55

10495499
0,56

9763234
0,54

10513623
0,56

9989916
0,54

10467360
0,56

9804022
0,54

10530676
0,56

10151426
0,55

10571590
0,56

10005350
0,55

10495499
0,56

9763234
0,54

10513623
0,56

9989916
0,54

10467360
0,56

9804022
0,54

10530676
0,56

10151426
0,55

10571590
0,56

10005350
0,55

10495499
0,56

9763234
0,54

10513623
0,56

9989916
0,54

10467360
0,56

9804022
0,54

10530676
0,56

10151426
0,55

10571590
0,56

10005350
0,55

10495499
0,56

9763234
0,54

10513623
0,56

9989916
0,54

10467360
0,56

9804022
0,54

10530676
0,56

10151426
0,55

10571590
0,56

10005350
0,55

10495499
0,56

9763234
0,54

10513623
0,56

9989916
0,54

10467360
0,56

9804022
0,54

10530676
0,56

10151426
0,55

10571590
0,56

10005350
0,55

10495499
0,56

9763234
0,54

10513623
0,56

9989916
0,54

10467360
0,56

9804022
0,54

10530676
0,56

10151426
0,55

10571590
0,56

10005350
0,55

10495499
0,56

9763234
0,54

10513623
0,56

9989916
0,54

10467360
0,56

9804022
0,54

10530676
0,56

10151426
0,55

10571590
0,56

10005350
0,55

10495499
0,56

9763234
0,54

10513623
0,56

9989916
0,54

10467360
0,56

9804022
0,54

10530676
0,56

10151426
0,55

10571590
0,56

10005350
0,55

10495499
0,56

9763234
0,54

10513623
0,56

9989916
0,54

10467360
0,56

9804022
0,54

10530676
0,56

10151426
0,55

10571590
0,56

10005350
0,55

10495499
0,56

9763234
0,54

10513623
0,56

9989916
0,54

10467360
0,56

9804022
0,54

10530676
0,56

10151426
0,55

10571590
0,56

10005350
0,55

10495499
0,56

9763234
0,54

10513623
0,56

9989916
0,54

10467360
0,56

9804022
0,54

10530676
0,56

10151426
0,55

10571590
0,56

10005350
0,55

10495499
0,56

9763234
0,54

10513623
0,56

9989916
0,54

10467360
0,56

9804022
0,54

10530676
0,56

10151426
0,55

10571590
0,56

10005350
0,55

10495499
0,56

9763234
0,54

10513623
0,56

9989916
0,54

10467360
0,56

9804022
0,54

10530676
0,56

10151426
0,55

10571590
0,56

10005350
0,55

10495499
0,56

9763234
0,54

10513623
0,56

9989916
0,54

10467360
0,56

9804022
0,54

10530676
0,56

10151426
0,55

10571590
0,56

10005350
0,55

10495499
0,56

9763234
0,54

10513623
0,56

9989916
0,54

10467360
0,56

