17089408
0.89

16841084
0.87

17129265
0.88

17440892
0.90

17191531
0.90

17473785
0.90

17419870
0.89

17400840
0.89

17339142
0.89

17501085
0.90
17089408
0,89

16841084
0,87

17129265
0,88

17440892
0,90

17191531
0,90

17473785
0,90

17419870
0,89

17400840
0,89

17339142
0,89

17501085
0,90

17089408
0,89

16841084
0,87

17129265
0,88

17440892
0,90

17191531
0,90

17473785
0,90

17419870
0,89

17400840
0,89

17339142
0,89

17501085
0,90

17089408
0,89

16841084
0,87

17129265
0,88

17440892
0,90

17191531
0,90

17473785
0,90

17419870
0,89

17400840
0,89

17339142
0,89

17501085
0,90

17089408
0,89

16841084
0,87

17129265
0,88

17440892
0,90

17191531
0,90

17473785
0,90

17419870
0,89

17400840
0,89

17339142
0,89

17501085
0,90

17089408
0,89

16841084
0,87

17129265
0,88

17440892
0,90

17191531
0,90

17473785
0,90

17419870
0,89

17400840
0,89

17339142
0,89

17501085
0,90

17089408
0,89

16841084
0,87

17129265
0,88

17440892
0,90

17191531
0,90

17473785
0,90

17419870
0,89

17400840
0,89

17339142
0,89

17501085
0,90

17089408
0,89

16841084
0,87

17129265
0,88

17440892
0,90

17191531
0,90

17473785
0,90

17419870
0,89

17400840
0,89

17339142
0,89

17501085
0,90

17089408
0,89

16841084
0,87

17129265
0,88

17440892
0,90

17191531
0,90

17473785
0,90

17419870
0,89

17400840
0,89

17339142
0,89

17501085
0,90

17089408
0,89

16841084
0,87

17129265
0,88

17440892
0,90

17191531
0,90

17473785
0,90

17419870
0,89

17400840
0,89

17339142
0,89

17501085
0,90

17089408
0,89

16841084
0,87

17129265
0,88

17440892
0,90

17191531
0,90

17473785
0,90

17419870
0,89

17400840
0,89

17339142
0,89

17501085
0,90

17089408
0,89

16841084
0,87

17129265
0,88

17440892
0,90

17191531
0,90

17473785
0,90

17419870
0,89

17400840
0,89

17339142
0,89

17501085
0,90

17089408
0,89

16841084
0,87

17129265
0,88

17440892
0,90

17191531
0,90

17473785
0,90

17419870
0,89

17400840
0,89

17339142
0,89

17501085
0,90

17089408
0,89

16841084
0,87

17129265
0,88

17440892
0,90

17191531
0,90

17473785
0,90

17419870
0,89

17400840
0,89

17339142
0,89

17501085
0,90

17089408
0,89

16841084
0,87

17129265
0,88

17440892
0,90

17191531
0,90

17473785
0,90

17419870
0,89

17400840
0,89

17339142
0,89

17501085
0,90

17089408
0,89

16841084
0,87

17129265
0,88

17440892
0,90

17191531
0,90

17473785
0,90

17419870
0,89

17400840
0,89

17339142
0,89

17501085
0,90

17089408
0,89

16841084
0,87

17129265
0,88

17440892
0,90

17191531
0,90

17473785
0,90

17419870
0,89

17400840
0,89

17339142
0,89

17501085
0,90

17089408
0,89

16841084
0,87

17129265
0,88

17440892
0,90

17191531
0,90

17473785
0,90

17419870
0,89

17400840
0,89

17339142
0,89

17501085
0,90

17089408
0,89

16841084
0,87

17129265
0,88

17440892
0,90

17191531
0,90

17473785
0,90

17419870
0,89

17400840
0,89

17339142
0,89

17501085
0,90

17089408
0,89

16841084
0,87

17129265
0,88

17440892
0,90

17191531
0,90

17473785
0,90

17419870
0,89

17400840
0,89

17339142
0,89

17501085
0,90

