6163078
0.51

6196882
0.52

6110950
0.52

6276172
0.52

6328571
0.51

6200897
0.51

6274660
0.51

6241854
0.51

6437752
0.52

6299660
0.52
6163078
0,51

6196882
0,52

6110950
0,52

6276172
0,52

6328571
0,51

6200897
0,51

6274660
0,51

6241854
0,51

6437752
0,52

6299660
0,52

6163078
0,51

6196882
0,52

6110950
0,52

6276172
0,52

6328571
0,51

6200897
0,51

6274660
0,51

6241854
0,51

6437752
0,52

6299660
0,52

6163078
0,51

6196882
0,52

6110950
0,52

6276172
0,52

6328571
0,51

6200897
0,51

6274660
0,51

6241854
0,51

6437752
0,52

6299660
0,52

6163078
0,51

6196882
0,52

6110950
0,52

6276172
0,52

6328571
0,51

6200897
0,51

6274660
0,51

6241854
0,51

6437752
0,52

6299660
0,52

6163078
0,51

6196882
0,52

6110950
0,52

6276172
0,52

6328571
0,51

6200897
0,51

6274660
0,51

6241854
0,51

6437752
0,52

6299660
0,52

6163078
0,51

6196882
0,52

6110950
0,52

6276172
0,52

6328571
0,51

6200897
0,51

6274660
0,51

6241854
0,51

6437752
0,52

6299660
0,52

6163078
0,51

6196882
0,52

6110950
0,52

6276172
0,52

6328571
0,51

6200897
0,51

6274660
0,51

6241854
0,51

6437752
0,52

6299660
0,52

6163078
0,51

6196882
0,52

6110950
0,52

6276172
0,52

6328571
0,51

6200897
0,51

6274660
0,51

6241854
0,51

6437752
0,52

6299660
0,52

6163078
0,51

6196882
0,52

6110950
0,52

6276172
0,52

6328571
0,51

6200897
0,51

6274660
0,51

6241854
0,51

6437752
0,52

6299660
0,52

6163078
0,51

6196882
0,52

6110950
0,52

6276172
0,52

6328571
0,51

6200897
0,51

6274660
0,51

6241854
0,51

6437752
0,52

6299660
0,52

6163078
0,51

6196882
0,52

6110950
0,52

6276172
0,52

6328571
0,51

6200897
0,51

6274660
0,51

6241854
0,51

6437752
0,52

6299660
0,52

