4712454
0.57

4734317
0.57

4619745
0.57

4683971
0.57

4619490
0.57

4712767
0.57

4753483
0.56

4648056
0.57

4621279
0.57

4713811
0.56
4712454
0,57

4734317
0,57

4619745
0,57

4683971
0,57

4619490
0,57

4712767
0,57

4753483
0,56

4648056
0,57

4621279
0,57

4713811
0,56

4712454
0,57

4734317
0,57

4619745
0,57

4683971
0,57

4619490
0,57

4712767
0,57

4753483
0,56

4648056
0,57

4621279
0,57

4713811
0,56

4712454
0,57

4734317
0,57

4619745
0,57

4683971
0,57

4619490
0,57

4712767
0,57

4753483
0,56

4648056
0,57

4621279
0,57

4713811
0,56

4712454
0,57

4734317
0,57

4619745
0,57

4683971
0,57

4619490
0,57

4712767
0,57

4753483
0,56

4648056
0,57

4621279
0,57

4713811
0,56

4712454
0,57

4734317
0,57

4619745
0,57

4683971
0,57

4619490
0,57

4712767
0,57

4753483
0,56

4648056
0,57

4621279
0,57

4713811
0,56

4712454
0,57

4734317
0,57

4619745
0,57

4683971
0,57

4619490
0,57

4712767
0,57

4753483
0,56

4648056
0,57

4621279
0,57

4713811
0,56

4712454
0,57

4734317
0,57

4619745
0,57

4683971
0,57

4619490
0,57

4712767
0,57

4753483
0,56

4648056
0,57

4621279
0,57

4713811
0,56

4712454
0,57

4734317
0,57

4619745
0,57

4683971
0,57

4619490
0,57

4712767
0,57

4753483
0,56

4648056
0,57

4621279
0,57

4713811
0,56

4712454
0,57

4734317
0,57

4619745
0,57

4683971
0,57

4619490
0,57

4712767
0,57

4753483
0,56

4648056
0,57

4621279
0,57

4713811
0,56

4712454
0,57

4734317
0,57

4619745
0,57

4683971
0,57

4619490
0,57

4712767
0,57

4753483
0,56

4648056
0,57

4621279
0,57

4713811
0,56

4712454
0,57

4734317
0,57

4619745
0,57

4683971
0,57

4619490
0,57

4712767
0,57

4753483
0,56

4648056
0,57

4621279
0,57

4713811
0,56

