16071646
1,63

16133876
1,63

16111607
1,64

15973276
1,63

16118404
1,63

16079270
1,63

16126780
1,63

16036391
1,63

16078374
1,64

16028943
1,63

16071646
1,63

16133876
1,63

16111607
1,64

15973276
1,63

16118404
1,63

16079270
1,63

16126780
1,63

16036391
1,63

16078374
1,64

16028943
1,63

16071646
1,63

16133876
1,63

16111607
1,64

15973276
1,63

16118404
1,63

16079270
1,63

16126780
1,63

16036391
1,63

16078374
1,64

16028943
1,63

16071646
1,63

16133876
1,63

16111607
1,64

15973276
1,63

16118404
1,63

16079270
1,63

16126780
1,63

16036391
1,63

16078374
1,64

16028943
1,63

16071646
1,63

16133876
1,63

16111607
1,64

15973276
1,63

16118404
1,63

16079270
1,63

16126780
1,63

16036391
1,63

16078374
1,64

16028943
1,63

16071646
1,63

16133876
1,63

16111607
1,64

15973276
1,63

16118404
1,63

16079270
1,63

16126780
1,63

16036391
1,63

16078374
1,64

16028943
1,63

16071646
1,63

16133876
1,63

16111607
1,64

15973276
1,63

16118404
1,63

16079270
1,63

16126780
1,63

16036391
1,63

16078374
1,64

16028943
1,63

16071646
1,63

16133876
1,63

16111607
1,64

15973276
1,63

16118404
1,63

16079270
1,63

16126780
1,63

16036391
1,63

16078374
1,64

16028943
1,63

16071646
1,63

16133876
1,63

16111607
1,64

15973276
1,63

16118404
1,63

16079270
1,63

16126780
1,63

16036391
1,63

16078374
1,64

16028943
1,63

16071646
1,63

16133876
1,63

16111607
1,64

15973276
1,63

16118404
1,63

16079270
1,63

16126780
1,63

16036391
1,63

16078374
1,64

16028943
1,63

16071646
1,63

16133876
1,63

16111607
1,64

15973276
1,63

16118404
1,63

16079270
1,63

16126780
1,63

16036391
1,63

16078374
1,64

16028943
1,63

16071646
1,63

16133876
1,63

16111607
1,64

15973276
1,63

16118404
1,63

16079270
1,63

16126780
1,63

16036391
1,63

16078374
1,64

16028943
1,63

16071646
1,63

16133876
1,63

16111607
1,64

15973276
1,63

16118404
1,63

16079270
1,63

16126780
1,63

16036391
1,63

16078374
1,64

16028943
1,63

16071646
1,63

16133876
1,63

16111607
1,64

15973276
1,63

16118404
1,63

16079270
1,63

16126780
1,63

16036391
1,63

16078374
1,64

16028943
1,63

